0 376 411
0 380 416
0 378 414
0 373 415
0 404 447
0 395 438
0 396 441
0 394 445
0 370 421
0 400 453
0 392 446
0 402 457
0 389 444
0 365 420
0 364 422
0 397 458
0 372 437
0 368 440
0 332 410
0 403 487
0 325 409
0 363 455
0 330 425
0 383 482
0 401 504
0 356 460
0 328 432
0 352 461
0 340 451
0 354 466
0 375 488
0 399 514
0 349 465
0 324 442
0 308 427
0 306 430
0 304 428
0 377 503
0 317 443
0 282 408
0 322 450
0 320 448
0 301 429
0 293 423
0 277 407
0 276 406
0 284 417
0 351 486
0 379 515
0 344 480
0 298 436
0 274 412
0 280 424
0 269 413
0 353 505
0 346 501
0 355 512
0 296 454
0 331 490
0 300 462
0 398 565
0 391 570
0 329 509
0 250 435
0 252 439
0 307 495
0 245 433
0 371 562
0 348 539
0 327 523
0 341 540
0 248 449
0 272 475
0 202 405
0 283 492
0 393 603
0 305 516
0 256 469
0 303 517
0 387 602
0 339 554
0 388 608
0 197 419
0 260 484
0 200 426
0 236 464
0 279 508
0 390 623
0 267 500
0 385 619
0 257 493
0 281 518
0 234 471
0 255 496
0 229 472
0 173 418
0 232 483
0 259 511
0 178 431
0 316 571
0 228 485
0 231 489
0 176 434
0 343 612
0 235 506
0 204 476
0 251 531
0 211 491
0 345 629
0 239 524
0 233 519
0 212 502
0 208 499
0 258 552
0 271 567
0 253 553
0 209 510
0 187 494
0 207 522
0 361 677
0 335 651
0 221 538
0 347 665
0 226 545
0 224 543
0 216 542
0 185 513
0 183 520
0 210 548
0 203 551
0 359 713
0 205 560
0 264 620
0 180 541
0 262 624
0 184 547
0 247 611
0 369 740
0 278 649
0 266 638
0 275 648
0 186 559
0 382 758
0 181 558
0 367 745
0 342 729
0 227 614
0 225 613
0 358 748
0 273 663
0 249 646
0 366 764
0 270 669
0 246 647
0 215 621
0 70 477
0 99 507
0 123 533
0 68 481
0 188 607
0 323 744
0 201 622
0 319 742
0 199 631
0 217 650
0 223 659
0 214 658
0 321 766
0 16 470
0 337 794
0 374 833
0 384 846
0 315 778
0 386 850
0 334 798
0 265 730
0 263 734
0 313 786
0 240 714
0 222 698
0 360 849
0 175 664
0 244 737
0 318 813
0 219 718
0 60 566
0 381 892
0 179 695
0 312 835
0 96 628
0 241 775
0 243 787
0 94 639
0 78 632
0 76 630
0 48 605
0 311 879
0 191 770
0 89 682
0 198 795
0 14 617
0 114 719
0 12 618
0 88 696
0 72 681
0 86 697
0 92 705
0 213 828
0 177 793
0 65 683
0 112 731
0 238 868
0 111 743
0 230 864
0 268 903
0 237 877
0 196 837
0 195 845
0 182 834
0 193 853
0 314 983
0 362 1036
0 261 948
0 357 1045
0 299 991
0 84 782
0 81 781
0 297 999
0 338 1044
0 336 1061
0 190 920
0 295 1046
0 333 1096
0 106 876
0 220 997
0 115 901
0 189 975
0 107 895
0 309 1112
0 118 921
0 291 1126
0 218 1056
0 254 1154
0 350 1283
0 192 1156
0 174 1144
0 120 1103
0 289 1273
0 73 1068
0 80 1088
0 9 1021
0 171 1185
0 242 1258
0 326 1356
0 110 1159
0 290 1347
0 206 1278
0 302 1421
0 119 1242
0 194 1325
0 117 1281
0 287 1474
0 310 1522
0 169 1422
0 109 1387
0 166 1463
0 167 1467
0 294 1640
0 292 1710
0 98 1523
0 122 1549
0 152 1795
0 108 1820
0 116 1869
0 172 2097
0 170 2098
0 288 2264
0 168 2163
0 286 2578
0 57 2613
0 154 2990
0 44 2907
0 285 3273
0 41 3159
0 165 4431
0 161 4463
0 105 4545
0 159 4677
0 35 4619
0 46 4633
0 39 4630
0 79 4719
0 75 4717
0 71 4716
0 67 4718
0 113 4865
0 160 5019
0 31 4946
0 27 4951
0 131 5089
0 64 5023
0 62 5049
0 49 5052
0 162 5165
0 52 5063
0 153 5207
0 130 5189
0 158 5218
0 155 5233
0 163 5248
0 127 5291
0 69 5245
0 132 5320
0 137 5326
0 36 5247
0 128 5340
0 138 5351
0 28 5242
0 32 5246
0 136 5362
0 95 5323
0 83 5312
0 40 5270
0 91 5322
0 87 5324
0 139 5376
0 103 5342
0 134 5375
0 63 5319
0 55 5314
0 59 5321
0 164 5428
0 77 5343
0 51 5318
0 135 5402
0 143 5420
0 146 5429
0 25 5313
0 24 5317
0 157 5458
0 147 5454
0 156 5463
0 129 5438
0 149 5461
0 141 5455
0 148 5462
0 22 5339
0 140 5459
0 150 5470
0 151 5471
0 104 5427
0 145 5468
0 142 5467
0 144 5469
0 133 5466
0 38 5372
0 20 5374
0 4 5400
0 58 5506
0 8 5499
0 74 5582
0 126 5701
0 124 5702
0 29 5668
0 66 5720
0 93 5782
0 85 5800
0 11 5753
0 34 5812
0 43 5825
0 37 5822
0 90 5878
0 47 5841
0 26 5842
0 23 5902
0 19 5903
0 15 5906
0 121 6062
0 97 6061
0 21 6038
0 100 6127
0 17 6058
0 30 6121
0 53 6186
0 125 6271
0 61 6210
0 56 6224
0 102 6291
0 33 6274
0 18 6275
0 3 6404
0 6 6454
0 5 6541
0 2 6611
0 7 6654
0 54 6911
0 45 6967
0 101 7389
0 50 7360
0 10 7345
0 13 7446
0 42 7630
0 82 9117
0 1 inf
1 10492 10493
1 10488 10489
1 10484 10485
1 10478 10479
1 10472 10473
1 10466 10467
1 10460 10461
1 10454 10455
1 10450 10451
1 10446 10447
1 10440 10441
1 10434 10435
1 10422 10423
1 10418 10419
1 10414 10415
1 10410 10411
1 10404 10405
1 10398 10399
1 10394 10395
1 10390 10391
1 10386 10387
1 10378 10379
1 10374 10375
1 10368 10369
1 10366 10367
1 10354 10355
1 10348 10349
1 10344 10345
1 10340 10341
1 10334 10335
1 10328 10329
1 10324 10325
1 10316 10317
1 10312 10313
1 10306 10307
1 10302 10303
1 10298 10299
1 10294 10295
1 10290 10291
1 10286 10287
1 10282 10283
1 10274 10275
1 10270 10271
1 10266 10267
1 10262 10263
1 10260 10261
1 10256 10257
1 10252 10253
1 10248 10249
1 10244 10245
1 10240 10241
1 10236 10237
1 10230 10231
1 10226 10227
1 10222 10223
1 10218 10219
1 10214 10215
1 10208 10209
1 10204 10205
1 10200 10201
1 10196 10197
1 10188 10189
1 10182 10183
1 10176 10177
1 10172 10173
1 10168 10169
1 10164 10165
1 10160 10161
1 10156 10157
1 10150 10151
1 10146 10147
1 10142 10143
1 10138 10139
1 10132 10133
1 10128 10129
1 10122 10123
1 10118 10119
1 10114 10115
1 10110 10111
1 10106 10107
1 10100 10101
1 10090 10091
1 10084 10085
1 10076 10077
1 10070 10071
1 10064 10065
1 10060 10061
1 10054 10055
1 10050 10051
1 10046 10047
1 10040 10041
1 10036 10037
1 10032 10033
1 10026 10027
1 10022 10023
1 10014 10015
1 10010 10011
1 10004 10005
1 9992 9993
1 9986 9987
1 9982 9983
1 9978 9979
1 9972 9973
1 9964 9965
1 9962 9963
1 9958 9959
1 9952 9953
1 9948 9949
1 9944 9945
1 9940 9941
1 9936 9937
1 9932 9933
1 9928 9929
1 9920 9921
1 9918 9919
1 9914 9915
1 9910 9911
1 9906 9907
1 9902 9903
1 9898 9899
1 9894 9895
1 9890 9891
1 9882 9883
1 9878 9879
1 9872 9873
1 9868 9869
1 9864 9865
1 9856 9857
1 9852 9853
1 9848 9849
1 9842 9843
1 9834 9835
1 9828 9829
1 9824 9825
1 9818 9819
1 9814 9815
1 9804 9805
1 9790 9791
1 9786 9787
1 9780 9781
1 9778 9779
1 9772 9773
1 9768 9769
1 9764 9765
1 9758 9759
1 9752 9753
1 9750 9751
1 9746 9747
1 9738 9739
1 9732 9733
1 9728 9729
1 9724 9725
1 9720 9721
1 9716 9717
1 9710 9711
1 9706 9707
1 9702 9703
1 9698 9699
1 9692 9693
1 9688 9689
1 9684 9685
1 9680 9681
1 9676 9677
1 9670 9671
1 9666 9667
1 9656 9657
1 9650 9651
1 9646 9647
1 9640 9641
1 9638 9639
1 9636 9637
1 9632 9633
1 9628 9629
1 9624 9625
1 9620 9621
1 9614 9615
1 9604 9605
1 9598 9599
1 9592 9593
1 9588 9589
1 9584 9585
1 9578 9579
1 9574 9575
1 9570 9571
1 9560 9561
1 9558 9559
1 9550 9551
1 9546 9547
1 9542 9543
1 9538 9539
1 9534 9535
1 9530 9531
1 9526 9527
1 9520 9521
1 9514 9515
1 9510 9511
1 9506 9507
1 9500 9501
1 9494 9495
1 9490 9491
1 9486 9487
1 9480 9481
1 9474 9475
1 9472 9473
1 9468 9469
1 9464 9465
1 9460 9461
1 9454 9455
1 9448 9449
1 9440 9441
1 9428 9429
1 9422 9423
1 9420 9421
1 9416 9417
1 9412 9413
1 9404 9405
1 9400 9401
1 9396 9397
1 9384 9385
1 9380 9381
1 9374 9375
1 9370 9371
1 9368 9369
1 9358 9359
1 9354 9355
1 9350 9351
1 9346 9347
1 9342 9343
1 9336 9337
1 9316 9317
1 9307 9308
1 9300 9301
1 9289 9290
1 9283 9284
1 9269 9270
1 9264 9265
1 9258 9259
1 9250 9251
1 9244 9245
1 9238 9239
1 9234 9235
1 9226 9227
1 9222 9223
1 9215 9216
1 9206 9207
1 9204 9205
1 9202 9203
1 9198 9199
1 9194 9195
1 9190 9191
1 9186 9187
1 9182 9183
1 9178 9179
1 9176 9177
1 9174 9175
1 9172 9173
1 9169 9170
1 9167 9168
1 9165 9166
1 9163 9164
1 9156 9157
1 9154 9155
1 9150 9151
1 9148 9149
1 9145 9146
1 9138 9139
1 9136 9137
1 9133 9134
1 9131 9132
1 9126 9127
1 9119 9120
1 9109 9110
1 9105 9106
1 9099 9100
1 9095 9096
1 9089 9090
1 9081 9082
1 9077 9078
1 9073 9074
1 9069 9070
1 9065 9066
1 9055 9056
1 9049 9050
1 9043 9044
1 9037 9038
1 9031 9032
1 9024 9025
1 9020 9021
1 9016 9017
1 9012 9013
1 9006 9007
1 9004 9005
1 9000 9001
1 8996 8997
1 8990 8991
1 8988 8989
1 8984 8985
1 8976 8977
1 8970 8971
1 8966 8967
1 8962 8963
1 8958 8959
1 8954 8955
1 8950 8951
1 8946 8947
1 8938 8939
1 8929 8930
1 8921 8922
1 8915 8916
1 8909 8910
1 8901 8902
1 8899 8900
1 8895 8896
1 8883 8884
1 8879 8880
1 8875 8876
1 8871 8872
1 8867 8868
1 8861 8862
1 8857 8858
1 8853 8854
1 8847 8848
1 8843 8844
1 8841 8842
1 8836 8837
1 8830 8831
1 8828 8829
1 8822 8823
1 8820 8821
1 8816 8817
1 8812 8813
1 8806 8807
1 8804 8805
1 8800 8801
1 8794 8795
1 8784 8785
1 8780 8781
1 8776 8777
1 8772 8773
1 8762 8763
1 8758 8759
1 8754 8755
1 8744 8745
1 8738 8739
1 8732 8733
1 8726 8727
1 8716 8717
1 8708 8709
1 8700 8701
1 8696 8697
1 8694 8695
1 8690 8691
1 8680 8681
1 8674 8675
1 8670 8671
1 8668 8669
1 8666 8667
1 8662 8663
1 8656 8657
1 8650 8651
1 8640 8641
1 8630 8631
1 8627 8628
1 8621 8622
1 8617 8618
1 8615 8616
1 8598 8599
1 8594 8595
1 8590 8591
1 8586 8587
1 8581 8582
1 8577 8578
1 8571 8572
1 8569 8570
1 8567 8568
1 8563 8564
1 8555 8556
1 8551 8552
1 8549 8550
1 8543 8544
1 8539 8540
1 8533 8534
1 8531 8532
1 8523 8524
1 8521 8522
1 8515 8516
1 8511 8512
1 8507 8508
1 8499 8500
1 8493 8494
1 8491 8492
1 8487 8488
1 8483 8484
1 8477 8478
1 8473 8474
1 8469 8470
1 8463 8464
1 8459 8460
1 8455 8456
1 8449 8450
1 8445 8446
1 8441 8442
1 8437 8438
1 8433 8434
1 8423 8424
1 8412 8413
1 8408 8409
1 8404 8405
1 8402 8403
1 8400 8401
1 8396 8397
1 8387 8388
1 8376 8377
1 8366 8367
1 8360 8361
1 8354 8355
1 8344 8345
1 8339 8340
1 8319 8320
1 8317 8318
1 8313 8314
1 8307 8308
1 8304 8305
1 8295 8296
1 8280 8281
1 8276 8277
1 8270 8271
1 8266 8267
1 8260 8261
1 8256 8257
1 8251 8252
1 8246 8247
1 8241 8242
1 8239 8240
1 8235 8236
1 8231 8232
1 8227 8228
1 8225 8226
1 8221 8222
1 8209 8210
1 8197 8198
1 8191 8192
1 8185 8186
1 8181 8182
1 8179 8180
1 8170 8171
1 8163 8164
1 8159 8160
1 8153 8154
1 8149 8150
1 8143 8144
1 8138 8139
1 8136 8137
1 8134 8135
1 8132 8133
1 8128 8129
1 8120 8121
1 8114 8115
1 8112 8113
1 8104 8105
1 8096 8097
1 8090 8091
1 8088 8089
1 8086 8087
1 8081 8082
1 8076 8077
1 8072 8073
1 8067 8068
1 8059 8060
1 8057 8058
1 8053 8054
1 8049 8050
1 8045 8046
1 8034 8035
1 8030 8031
1 8021 8022
1 8017 8018
1 8013 8014
1 8006 8007
1 8002 8003
1 7998 7999
1 7994 7995
1 7990 7991
1 7986 7987
1 7980 7981
1 7976 7977
1 7970 7971
1 7966 7967
1 7962 7963
1 7958 7959
1 7954 7955
1 7952 7953
1 7948 7949
1 7946 7947
1 7944 7945
1 7940 7941
1 7935 7936
1 7932 7933
1 7928 7929
1 7926 7927
1 7922 7923
1 7912 7913
1 7904 7905
1 7896 7897
1 7894 7895
1 7888 7889
1 7884 7885
1 7882 7883
1 7874 7875
1 7870 7871
1 7867 7868
1 7860 7861
1 7856 7857
1 7852 7853
1 7848 7849
1 7846 7847
1 7842 7843
1 7839 7840
1 7835 7836
1 7833 7834
1 7829 7830
1 7825 7826
1 7823 7824
1 7821 7822
1 7818 7819
1 7811 7812
1 7808 7809
1 7804 7805
1 7799 7800
1 7796 7797
1 7792 7793
1 7790 7791
1 7786 7787
1 7777 7778
1 7773 7774
1 7771 7772
1 7767 7768
1 7763 7764
1 7758 7759
1 7754 7755
1 7750 7751
1 7744 7745
1 7742 7743
1 7737 7738
1 7735 7736
1 7729 7730
1 7727 7728
1 7725 7726
1 7721 7722
1 7717 7718
1 7713 7714
1 7706 7707
1 7704 7705
1 7702 7703
1 7700 7701
1 7695 7696
1 7689 7690
1 7687 7688
1 7685 7686
1 7681 7682
1 7679 7680
1 7672 7673
1 7666 7667
1 7660 7661
1 7652 7653
1 7643 7644
1 7633 7634
1 7622 7623
1 7618 7619
1 7612 7613
1 7610 7611
1 7606 7607
1 7604 7605
1 7600 7601
1 7596 7597
1 7592 7593
1 7588 7589
1 7580 7581
1 7576 7577
1 7572 7573
1 7568 7569
1 7562 7563
1 7558 7559
1 7554 7555
1 7550 7551
1 7545 7546
1 7543 7544
1 7541 7542
1 7537 7538
1 7528 7529
1 7526 7527
1 7515 7516
1 7513 7514
1 7509 7510
1 7507 7508
1 7505 7506
1 7499 7500
1 7495 7496
1 7489 7490
1 7487 7488
1 7483 7484
1 7481 7482
1 7479 7480
1 7475 7476
1 7469 7470
1 7463 7464
1 7459 7460
1 7457 7458
1 7451 7452
1 7447 7448
1 7441 7442
1 7434 7435
1 7430 7431
1 7420 7421
1 7418 7419
1 7416 7417
1 7412 7413
1 7410 7411
1 7405 7406
1 7400 7401
1 7394 7395
1 7390 7391
1 7385 7386
1 7382 7383
1 7377 7378
1 7373 7374
1 7369 7370
1 7363 7364
1 7361 7362
1 7356 7357
1 7351 7352
1 7346 7347
1 7331 7332
1 7326 7327
1 7322 7323
1 7320 7321
1 7316 7317
1 7314 7315
1 7308 7309
1 7302 7303
1 7298 7299
1 7296 7297
1 7292 7293
1 7285 7286
1 7277 7278
1 7273 7274
1 7271 7272
1 7269 7270
1 7267 7268
1 7255 7256
1 7249 7250
1 7245 7246
1 7241 7242
1 7237 7238
1 7235 7236
1 7231 7232
1 7225 7226
1 7223 7224
1 7221 7222
1 7217 7218
1 7213 7214
1 3281 3282
1 3278 3279
1 3274 3275
1 3266 3267
1 3259 3260
1 3257 3258
1 3255 3256
1 3249 3250
1 3247 3248
1 3240 3241
1 3236 3237
1 3232 3233
1 3225 3226
1 3218 3219
1 3214 3215
1 3212 3213
1 3207 3208
1 3198 3199
1 3193 3194
1 3184 3185
1 3182 3183
1 3180 3181
1 3168 3169
1 3164 3165
1 3156 3157
1 3154 3155
1 3152 3153
1 3148 3149
1 3146 3147
1 3141 3142
1 3136 3137
1 3134 3135
1 3132 3133
1 3125 3126
1 3119 3120
1 3115 3116
1 3097 3098
1 3094 3095
1 3092 3093
1 3090 3091
1 3086 3087
1 3084 3085
1 3082 3083
1 3080 3081
1 3072 3073
1 3068 3069
1 3066 3067
1 3056 3057
1 3051 3052
1 3047 3048
1 3043 3044
1 3040 3041
1 3036 3037
1 3032 3033
1 3023 3024
1 3014 3015
1 3010 3011
1 3006 3007
1 3000 3001
1 2995 2996
1 2982 2983
1 2976 2977
1 2968 2969
1 2962 2963
1 2955 2956
1 2938 2939
1 2934 2935
1 2932 2933
1 2930 2931
1 2926 2927
1 2924 2925
1 2922 2923
1 2913 2914
1 2909 2910
1 2897 2898
1 2880 2881
1 2869 2870
1 2865 2866
1 2863 2864
1 2858 2859
1 2848 2849
1 2846 2847
1 2840 2841
1 2836 2837
1 2834 2835
1 2832 2833
1 2830 2831
1 2814 2815
1 2808 2809
1 2801 2802
1 2797 2798
1 2795 2796
1 2792 2793
1 2783 2784
1 2776 2777
1 2770 2771
1 2766 2767
1 2757 2758
1 2746 2747
1 2741 2742
1 2737 2738
1 2733 2734
1 2729 2730
1 2716 2717
1 2714 2715
1 2712 2713
1 2707 2708
1 2704 2705
1 2699 2700
1 2689 2690
1 2685 2686
1 2683 2684
1 2679 2680
1 2675 2676
1 2673 2674
1 2669 2670
1 2667 2668
1 2663 2664
1 2658 2659
1 2653 2654
1 2649 2650
1 2643 2644
1 2639 2640
1 2635 2636
1 2628 2629
1 2626 2627
1 2624 2625
1 2615 2616
1 2607 2608
1 2599 2600
1 2595 2596
1 2587 2588
1 2583 2584
1 2579 2580
1 2573 2574
1 2569 2570
1 2559 2560
1 2553 2554
1 2549 2550
1 2544 2545
1 2540 2541
1 2535 2536
1 2533 2534
1 2529 2530
1 2516 2517
1 2507 2508
1 2505 2506
1 2501 2502
1 2497 2498
1 2493 2494
1 2487 2488
1 2481 2482
1 2479 2480
1 2475 2476
1 2471 2472
1 2467 2468
1 2456 2457
1 2448 2449
1 2446 2447
1 2441 2442
1 2439 2440
1 2435 2436
1 2432 2433
1 2428 2429
1 2420 2421
1 2416 2417
1 2411 2412
1 2408 2409
1 2401 2402
1 2397 2398
1 2394 2395
1 2382 2383
1 2378 2379
1 2374 2375
1 2368 2369
1 2366 2367
1 2363 2364
1 2360 2361
1 2356 2357
1 2353 2354
1 2345 2346
1 2343 2344
1 2341 2342
1 2334 2335
1 2332 2333
1 2329 2330
1 2324 2325
1 2321 2322
1 2317 2318
1 2314 2315
1 2306 2307
1 2302 2303
1 2298 2299
1 2292 2293
1 2288 2289
1 2283 2284
1 2277 2278
1 2271 2272
1 2266 2267
1 2259 2260
1 2257 2258
1 2247 2248
1 2244 2245
1 2242 2243
1 2240 2241
1 2238 2239
1 2230 2231
1 2228 2229
1 2226 2227
1 2224 2225
1 2220 2221
1 2212 2213
1 2206 2207
1 2202 2203
1 2200 2201
1 2194 2195
1 2192 2193
1 2190 2191
1 2186 2187
1 2182 2183
1 2177 2178
1 2173 2174
1 2169 2170
1 2158 2159
1 2156 2157
1 2151 2152
1 2147 2148
1 2145 2146
1 2143 2144
1 2136 2137
1 2126 2127
1 2121 2122
1 2108 2109
1 2099 2100
1 2095 2096
1 2093 2094
1 2088 2089
1 2084 2085
1 2073 2074
1 2069 2070
1 2067 2068
1 2063 2064
1 2059 2060
1 2057 2058
1 2055 2056
1 2053 2054
1 2049 2050
1 2045 2046
1 2039 2040
1 2037 2038
1 2033 2034
1 2029 2030
1 2027 2028
1 2023 2024
1 2021 2022
1 2008 2009
1 2000 2001
1 1994 1995
1 1992 1993
1 1990 1991
1 1978 1979
1 1974 1975
1 1970 1971
1 1968 1969
1 1966 1967
1 1957 1958
1 1953 1954
1 1951 1952
1 1949 1950
1 1945 1946
1 1943 1944
1 1941 1942
1 1938 1939
1 1936 1937
1 1934 1935
1 1931 1932
1 1925 1926
1 1922 1923
1 1920 1921
1 1913 1914
1 1909 1910
1 1905 1906
1 1900 1901
1 1894 1895
1 1892 1893
1 1890 1891
1 1886 1887
1 1881 1882
1 1876 1877
1 1859 1860
1 1855 1856
1 1853 1854
1 1849 1850
1 1846 1847
1 1835 1836
1 1831 1832
1 1827 1828
1 1822 1823
1 1806 1807
1 1800 1801
1 1791 1792
1 1786 1787
1 1784 1785
1 1782 1783
1 1779 1780
1 1774 1775
1 1767 1768
1 1764 1765
1 1762 1763
1 1758 1759
1 1753 1754
1 1745 1746
1 1741 1742
1 1738 1739
1 1734 1735
1 1094 1095
1 1091 1092
1 1089 1090
1 1086 1087
1 1082 1083
1 1078 1079
1 1071 1072
1 1062 1063
1 1057 1058
1 1052 1053
1 1047 1048
1 1042 1043
1 1039 1040
1 1034 1035
1 1032 1033
1 1026 1027
1 1022 1023
1 1017 1018
1 1013 1014
1 1003 1004
1 1000 1001
1 995 996
1 993 994
1 988 989
1 984 985
1 981 982
1 978 979
1 976 977
1 969 970
1 966 967
1 962 963
1 960 961
1 958 959
1 956 957
1 953 954
1 951 952
1 949 950
1 946 947
1 942 943
1 940 941
1 938 939
1 934 935
1 930 931
1 928 929
1 926 927
1 923 924
1 915 916
1 913 914
1 911 912
1 906 907
1 904 905
1 888 889
1 886 887
1 880 881
1 873 874
1 871 872
1 869 870
1 865 866
1 856 857
1 854 855
1 847 848
1 843 844
1 841 842
1 839 840
1 831 832
1 822 823
1 818 819
1 816 817
1 814 815
1 809 810
1 666 667
1 660 661
1 656 657
1 652 653
1 644 645
1 642 643
1 640 641
1 636 637
1 633 634
1 626 627
1 615 616
1 609 610
1 598 599
1 596 597
1 592 593
1 590 591
1 586 587
1 584 585
1 579 580
1 577 578
1 575 576
1 525 526
1 497 498
1 467 468
1 473 474
1 549 550
1 556 557
1 568 569
1 572 573
1 670 671
1 672 673
1 678 679
1 687 688
1 691 692
1 699 700
1 701 702
1 708 709
1 715 716
1 723 724
1 725 726
1 732 733
1 735 736
1 738 739
1 749 750
1 751 752
1 756 757
1 760 761
1 762 763
1 771 772
1 773 774
1 776 777
1 779 780
1 791 792
1 800 801
1 804 805
1 806 807
1 1104 1105
1 1106 1107
1 1108 1109
1 1114 1115
1 1118 1119
1 1120 1121
1 1122 1123
1 1124 1125
1 1127 1128
1 1131 1132
1 1145 1146
1 1147 1148
1 1150 1151
1 1157 1158
1 1163 1164
1 1167 1168
1 1173 1174
1 1177 1178
1 1179 1180
1 1181 1182
1 1183 1184
1 1188 1189
1 1190 1191
1 1192 1193
1 1194 1195
1 1196 1197
1 1198 1199
1 1212 1213
1 1214 1215
1 1216 1217
1 1220 1221
1 1230 1231
1 1232 1233
1 1237 1238
1 1244 1245
1 1246 1247
1 1250 1251
1 1256 1257
1 1259 1260
1 1261 1262
1 1263 1264
1 1274 1275
1 1284 1285
1 1286 1287
1 1295 1296
1 1297 1298
1 1302 1303
1 1307 1308
1 1311 1312
1 1315 1316
1 1317 1318
1 1319 1320
1 1321 1322
1 1323 1324
1 1327 1328
1 1337 1338
1 1339 1340
1 1341 1342
1 1343 1344
1 1348 1349
1 1350 1351
1 1353 1354
1 1357 1358
1 1359 1360
1 1363 1364
1 1365 1366
1 1373 1374
1 1377 1378
1 1381 1382
1 1389 1390
1 1391 1392
1 1394 1395
1 1398 1399
1 1402 1403
1 1405 1406
1 1408 1409
1 1413 1414
1 1423 1424
1 1427 1428
1 1430 1431
1 1432 1433
1 1434 1435
1 1436 1437
1 1439 1440
1 1441 1442
1 1443 1444
1 1445 1446
1 1447 1448
1 1451 1452
1 1456 1457
1 1458 1459
1 1461 1462
1 1464 1465
1 1472 1473
1 1477 1478
1 1482 1483
1 1492 1493
1 1494 1495
1 1496 1497
1 1502 1503
1 1504 1505
1 1508 1509
1 1512 1513
1 1514 1515
1 1516 1517
1 1526 1527
1 1531 1532
1 1535 1536
1 1537 1538
1 1543 1544
1 1551 1552
1 1554 1555
1 1558 1559
1 1568 1569
1 1572 1573
1 1582 1583
1 1584 1585
1 1589 1590
1 1596 1597
1 1600 1601
1 1602 1603
1 1612 1613
1 1614 1615
1 1623 1624
1 1631 1632
1 1635 1636
1 1638 1639
1 1641 1642
1 1643 1644
1 1646 1647
1 1655 1656
1 1661 1662
1 1668 1669
1 1676 1677
1 1680 1681
1 1693 1694
1 1695 1696
1 1701 1702
1 1703 1704
1 1706 1707
1 1708 1709
1 1712 1713
1 1714 1715
1 1718 1719
1 1724 1725
1 1726 1727
1 3294 3295
1 3298 3299
1 3302 3303
1 3312 3313
1 3314 3315
1 3317 3318
1 3320 3321
1 3322 3323
1 3324 3325
1 3331 3332
1 3334 3335
1 3339 3340
1 3342 3343
1 3355 3356
1 3361 3362
1 3363 3364
1 3369 3370
1 3376 3377
1 3384 3385
1 3390 3391
1 3394 3395
1 3401 3402
1 3412 3413
1 3416 3417
1 3418 3419
1 3423 3424
1 3427 3428
1 3436 3437
1 3443 3444
1 3451 3452
1 3453 3454
1 3455 3456
1 3457 3458
1 3459 3460
1 3465 3466
1 3470 3471
1 3482 3483
1 3484 3485
1 3490 3491
1 3500 3501
1 3504 3505
1 3508 3509
1 3512 3513
1 3514 3515
1 3522 3523
1 3530 3531
1 3539 3540
1 3543 3544
1 3549 3550
1 3552 3553
1 3558 3559
1 3562 3563
1 3564 3565
1 3575 3576
1 3579 3580
1 3581 3582
1 3593 3594
1 3597 3598
1 3609 3610
1 3618 3619
1 3626 3627
1 3628 3629
1 3630 3631
1 3634 3635
1 3636 3637
1 3640 3641
1 3642 3643
1 3647 3648
1 3651 3652
1 3653 3654
1 3657 3658
1 3659 3660
1 3664 3665
1 3678 3679
1 3682 3683
1 3684 3685
1 3690 3691
1 3694 3695
1 3697 3698
1 3701 3702
1 3710 3711
1 3716 3717
1 3724 3725
1 3734 3735
1 3738 3739
1 3740 3741
1 3745 3746
1 3750 3751
1 3756 3757
1 3760 3761
1 3769 3770
1 3775 3776
1 3781 3782
1 3785 3786
1 3787 3788
1 3796 3797
1 3800 3801
1 3808 3809
1 3813 3814
1 3815 3816
1 3817 3818
1 3823 3824
1 3834 3835
1 3839 3840
1 3851 3852
1 3874 3875
1 3877 3878
1 3885 3886
1 3891 3892
1 3895 3896
1 3901 3902
1 3907 3908
1 3909 3910
1 3919 3920
1 3925 3926
1 3931 3932
1 3933 3934
1 3942 3943
1 3948 3949
1 3954 3955
1 3956 3957
1 3971 3972
1 3979 3980
1 3985 3986
1 3989 3990
1 3997 3998
1 4001 4002
1 4007 4008
1 4009 4010
1 4013 4014
1 4018 4019
1 4020 4021
1 4029 4030
1 4037 4038
1 4049 4050
1 4053 4054
1 4058 4059
1 4065 4066
1 4073 4074
1 4081 4082
1 4085 4086
1 4093 4094
1 4102 4103
1 4105 4106
1 4111 4112
1 4115 4116
1 4123 4124
1 4133 4134
1 4139 4140
1 4143 4144
1 4147 4148
1 4151 4152
1 4154 4155
1 4160 4161
1 4164 4165
1 4166 4167
1 4172 4173
1 4175 4176
1 4179 4180
1 4183 4184
1 4188 4189
1 4196 4197
1 4200 4201
1 4205 4206
1 4214 4215
1 4225 4226
1 4233 4234
1 4243 4244
1 4247 4248
1 4249 4250
1 4259 4260
1 4264 4265
1 4271 4272
1 4273 4274
1 4277 4278
1 4279 4280
1 4281 4282
1 4287 4288
1 4291 4292
1 4297 4298
1 4301 4302
1 4306 4307
1 4312 4313
1 4316 4317
1 4322 4323
1 4326 4327
1 4330 4331
1 4332 4333
1 4340 4341
1 4344 4345
1 4348 4349
1 4352 4353
1 4372 4373
1 4384 4385
1 4388 4389
1 4392 4393
1 4401 4402
1 4409 4410
1 4413 4414
1 4419 4420
1 4423 4424
1 4427 4428
1 4432 4433
1 4436 4437
1 4442 4443
1 4444 4445
1 4446 4447
1 4450 4451
1 4452 4453
1 4459 4460
1 4468 4469
1 4480 4481
1 4489 4490
1 4491 4492
1 4499 4500
1 4503 4504
1 4508 4509
1 4513 4514
1 4530 4531
1 4534 4535
1 4542 4543
1 4548 4549
1 4556 4557
1 4563 4564
1 4571 4572
1 4578 4579
1 4588 4589
1 4590 4591
1 4594 4595
1 4598 4599
1 4606 4607
1 4613 4614
1 4620 4621
1 4622 4623
1 4634 4635
1 4636 4637
1 4638 4639
1 4642 4643
1 4646 4647
1 4657 4658
1 4665 4666
1 4671 4672
1 4679 4680
1 4683 4684
1 4688 4689
1 4692 4693
1 4696 4697
1 4705 4706
1 4708 4709
1 4729 4730
1 4739 4740
1 4757 4758
1 4773 4774
1 4783 4784
1 4788 4789
1 4795 4796
1 4801 4802
1 4805 4806
1 4820 4821
1 4826 4827
1 4830 4831
1 4836 4837
1 4844 4845
1 4852 4853
1 4859 4860
1 4863 4864
1 4869 4870
1 4877 4878
1 4883 4884
1 4887 4888
1 4891 4892
1 4901 4902
1 4904 4905
1 4910 4911
1 4918 4919
1 4922 4923
1 4925 4926
1 4931 4932
1 4936 4937
1 4942 4943
1 4947 4948
1 4954 4955
1 4964 4965
1 4972 4973
1 4974 4975
1 4978 4979
1 4983 4984
1 4987 4988
1 4991 4992
1 4995 4996
1 4999 5000
1 5005 5006
1 5009 5010
1 5013 5014
1 5021 5022
1 5032 5033
1 5038 5039
1 5043 5044
1 5053 5054
1 5057 5058
1 5069 5070
1 5073 5074
1 5079 5080
1 5083 5084
1 5087 5088
1 5094 5095
1 5096 5097
1 5102 5103
1 5104 5105
1 5110 5111
1 5114 5115
1 5116 5117
1 5120 5121
1 5122 5123
1 5128 5129
1 5136 5137
1 5140 5141
1 5142 5143
1 5146 5147
1 5150 5151
1 5152 5153
1 5158 5159
1 5166 5167
1 5176 5177
1 5181 5182
1 5183 5184
1 5190 5191
1 5194 5195
1 5202 5203
1 5208 5209
1 5212 5213
1 5216 5217
1 5225 5226
1 5229 5230
1 5234 5235
1 5238 5239
1 5249 5250
1 5251 5252
1 5256 5257
1 5262 5263
1 5273 5274
1 5275 5276
1 5279 5280
1 5281 5282
1 5285 5286
1 5294 5295
1 5298 5299
1 5304 5305
1 5308 5309
1 5327 5328
1 5329 5330
1 5333 5334
1 5335 5336
1 5345 5346
1 5347 5348
1 5352 5353
1 5356 5357
1 5358 5359
1 5363 5364
1 5367 5368
1 5378 5379
1 5386 5387
1 5388 5389
1 5392 5393
1 5404 5405
1 5412 5413
1 5416 5417
1 5421 5422
1 5430 5431
1 5434 5435
1 5444 5445
1 5449 5450
1 5456 5457
1 5472 5473
1 5479 5480
1 5484 5485
1 5492 5493
1 5500 5501
1 5509 5510
1 5511 5512
1 5513 5514
1 5516 5517
1 5525 5526
1 5542 5543
1 5546 5547
1 5548 5549
1 5551 5552
1 5556 5557
1 5562 5563
1 5565 5566
1 5572 5573
1 5576 5577
1 5583 5584
1 5587 5588
1 5591 5592
1 5597 5598
1 5604 5605
1 5610 5611
1 5618 5619
1 5625 5626
1 5631 5632
1 5635 5636
1 5642 5643
1 5645 5646
1 5647 5648
1 5657 5658
1 5659 5660
1 5662 5663
1 5664 5665
1 5669 5670
1 5675 5676
1 5680 5681
1 5685 5686
1 5689 5690
1 5699 5700
1 5705 5706
1 5714 5715
1 5721 5722
1 5725 5726
1 5733 5734
1 5742 5743
1 5746 5747
1 5755 5756
1 5759 5760
1 5764 5765
1 5774 5775
1 5778 5779
1 5784 5785
1 5792 5793
1 5796 5797
1 5802 5803
1 5806 5807
1 5813 5814
1 5819 5820
1 5826 5827
1 5830 5831
1 5835 5836
1 5837 5838
1 5839 5840
1 5843 5844
1 5847 5848
1 5849 5850
1 5851 5852
1 5853 5854
1 5858 5859
1 5860 5861
1 5866 5867
1 5868 5869
1 5870 5871
1 5872 5873
1 5876 5877
1 5882 5883
1 5888 5889
1 5890 5891
1 5892 5893
1 5898 5899
1 5904 5905
1 5907 5908
1 5909 5910
1 5911 5912
1 5925 5926
1 5928 5929
1 5930 5931
1 5932 5933
1 5935 5936
1 5939 5940
1 5943 5944
1 5946 5947
1 5948 5949
1 5952 5953
1 5957 5958
1 5963 5964
1 5965 5966
1 5968 5969
1 5972 5973
1 5981 5982
1 5985 5986
1 5989 5990
1 5998 5999
1 6000 6001
1 6004 6005
1 6012 6013
1 6018 6019
1 6022 6023
1 6028 6029
1 6034 6035
1 6036 6037
1 6039 6040
1 6041 6042
1 6045 6046
1 6047 6048
1 6049 6050
1 6053 6054
1 6055 6056
1 6059 6060
1 6063 6064
1 6065 6066
1 6069 6070
1 6076 6077
1 6078 6079
1 6086 6087
1 6091 6092
1 6098 6099
1 6106 6107
1 6112 6113
1 6114 6115
1 6118 6119
1 6122 6123
1 6128 6129
1 6133 6134
1 6137 6138
1 6142 6143
1 6148 6149
1 6151 6152
1 6153 6154
1 6155 6156
1 6157 6158
1 6159 6160
1 6163 6164
1 6169 6170
1 6175 6176
1 6179 6180
1 6183 6184
1 6189 6190
1 6193 6194
1 6200 6201
1 6206 6207
1 6208 6209
1 6212 6213
1 6214 6215
1 6218 6219
1 6226 6227
1 6230 6231
1 6235 6236
1 6240 6241
1 6244 6245
1 6250 6251
1 6252 6253
1 6258 6259
1 6262 6263
1 6268 6269
1 6280 6281
1 6286 6287
1 6292 6293
1 6295 6296
1 6297 6298
1 6303 6304
1 6307 6308
1 6311 6312
1 6317 6318
1 6323 6324
1 6327 6328
1 6331 6332
1 6335 6336
1 6340 6341
1 6342 6343
1 6346 6347
1 6351 6352
1 6356 6357
1 6358 6359
1 6360 6361
1 6364 6365
1 6372 6373
1 6379 6380
1 6381 6382
1 6385 6386
1 6389 6390
1 6394 6395
1 6396 6397
1 6399 6400
1 6405 6406
1 6409 6410
1 6413 6414
1 6420 6421
1 6424 6425
1 6426 6427
1 6429 6430
1 6432 6433
1 6438 6439
1 6442 6443
1 6455 6456
1 6459 6460
1 6461 6462
1 6466 6467
1 6468 6469
1 6472 6473
1 6479 6480
1 6481 6482
1 6483 6484
1 6488 6489
1 6491 6492
1 6493 6494
1 6498 6499
1 6503 6504
1 6511 6512
1 6518 6519
1 6522 6523
1 6527 6528
1 6529 6530
1 6533 6534
1 6537 6538
1 6543 6544
1 6545 6546
1 6548 6549
1 6551 6552
1 6555 6556
1 6560 6561
1 6566 6567
1 6571 6572
1 6578 6579
1 6583 6584
1 6586 6587
1 6593 6594
1 6598 6599
1 6602 6603
1 6604 6605
1 6612 6613
1 6616 6617
1 6618 6619
1 6620 6621
1 6623 6624
1 6628 6629
1 6632 6633
1 6635 6636
1 6637 6638
1 6644 6645
1 6648 6649
1 6650 6651
1 6655 6656
1 6659 6660
1 6663 6664
1 6672 6673
1 6679 6680
1 6683 6684
1 6687 6688
1 6693 6694
1 6699 6700
1 6701 6702
1 6705 6706
1 6715 6716
1 6719 6720
1 6721 6722
1 6725 6726
1 6729 6730
1 6733 6734
1 6738 6739
1 6742 6743
1 6744 6745
1 6747 6748
1 6749 6750
1 6753 6754
1 6759 6760
1 6764 6765
1 6768 6769
1 6775 6776
1 6781 6782
1 6786 6787
1 6792 6793
1 6794 6795
1 6798 6799
1 6804 6805
1 6813 6814
1 6817 6818
1 6823 6824
1 6827 6828
1 6832 6833
1 6836 6837
1 6838 6839
1 6846 6847
1 6850 6851
1 6852 6853
1 6856 6857
1 6858 6859
1 6862 6863
1 6866 6867
1 6870 6871
1 6878 6879
1 6890 6891
1 6896 6897
1 6898 6899
1 6902 6903
1 6912 6913
1 6916 6917
1 6922 6923
1 6924 6925
1 6932 6933
1 6936 6937
1 6938 6939
1 6942 6943
1 6949 6950
1 6951 6952
1 6970 6971
1 6974 6975
1 6978 6979
1 6983 6984
1 6990 6991
1 6994 6995
1 7010 7011
1 7014 7015
1 7019 7020
1 7028 7029
1 7030 7031
1 7038 7039
1 7047 7048
1 7059 7060
1 7061 7062
1 7063 7064
1 7072 7073
1 7078 7079
1 7080 7081
1 7082 7083
1 7087 7088
1 7089 7090
1 7091 7092
1 7097 7098
1 7101 7102
1 7105 7106
1 7109 7110
1 7115 7116
1 7119 7120
1 7125 7126
1 7133 7134
1 7135 7136
1 7142 7143
1 7149 7150
1 7153 7154
1 7161 7162
1 7169 7170
1 7177 7178
1 7183 7184
1 7185 7186
1 7189 7190
1 7193 7194
1 7197 7198
1 7203 7204
1 7207 7208
1 9276 9278
1 9123 9125
1 7710 7712
1 7647 7649
1 3291 3293
1 3053 3055
1 2827 2829
1 2660 2662
1 2309 2311
1 2253 2255
1 2217 2219
1 2132 2134
1 2077 2079
1 1755 1757
1 1750 1752
1 1075 1077
1 990 992
1 897 899
1 604 606
1 544 546
1 1280 1282
1 1576 1578
1 1671 1673
1 1690 1692
1 3307 3309
1 3462 3464
1 3534 3536
1 3712 3714
1 3742 3744
1 3778 3780
1 3791 3793
1 3976 3978
1 4521 4523
1 4792 4794
1 5518 5520
1 5915 5917
1 5920 5922
1 6082 6084
1 6083 6085
1 6908 6910
1 6987 6989
1 9306 9309
1 9144 9147
1 8322 8325
1 8245 8248
1 8080 8083
1 7866 7869
1 3002 3005
1 2876 2879
1 2821 2824
1 2620 2623
1 2403 2406
1 2362 2365
1 2328 2331
1 2320 2323
1 2117 2120
1 893 896
1 860 863
1 859 862
1 826 829
1 686 689
1 704 707
1 717 720
1 1550 1553
1 3351 3354
1 3408 3411
1 4192 4195
1 4229 4232
1 4678 4681
1 4930 4933
1 5550 5553
1 5916 5919
1 5994 5997
1 8293 8297
1 1911 1915
1 1817 1821
1 452 456
1 459 463
1 808 812
1 1524 1528
1 3604 3608
1 7005 7009
1 7934 7939
1 7350 7355
1 1880 1885
1 675 680
1 685 690
1 1388 1393
1 1476 1481
1 5531 5536
1 6622 6627
1 1805 1811
1 852 858
1 1149 1155
1 1469 1475
1 3749 3755
1 5377 5383
1 5401 5407
1 5489 5495
1 5498 5504
1 6431 6437
1 7803 7810
1 2155 2162
1 1933 1940
1 1863 1870
1 1130 1137
1 1362 1369
1 3400 3407
1 6369 6376
1 6957 6964
1 2779 2787
1 2774 2782
1 2107 2115
1 867 875
1 1637 1645
1 3615 3623
1 3022 3031
1 2919 2928
1 703 712
1 3928 3937
1 6550 6559
1 2125 2135
1 900 910
1 851 861
1 625 635
1 5522 5532
1 5571 5581
1 6391 6401
1 6988 6998
1 2434 2445
1 1799 1810
1 1161 1172
1 1224 1235
1 5371 5382
1 5923 5934
1 5945 5956
1 1813 1825
1 1372 1384
1 6237 6249
1 7521 7534
1 746 759
1 1593 1606
1 4097 4110
1 5465 5478
1 5589 5602
1 6191 6204
1 3131 3145
1 2265 2279
1 1790 1804
1 998 1012
1 1525 1539
1 5507 5521
1 8291 8306
1 7428 7443
1 922 937
1 1186 1201
1 1187 1202
1 1404 1419
1 6948 6963
1 5424 5440
1 9118 9135
1 1781 1798
1 919 936
1 6333 6350
1 2745 2763
1 765 783
1 7798 7817
1 1826 1845
1 555 574
1 3426 3445
1 6334 6354
1 7741 7762
1 1560 1581
1 6428 6449
1 662 684
1 802 824
1 3319 3341
1 1989 2012
1 4305 4328
1 5460 5483
1 2081 2105
1 3425 3449
1 6643 6667
1 6982 7006
1 7384 7409
1 1279 1304
1 799 825
1 1265 1291
1 1460 1486
1 3696 3723
1 6553 6580
1 6999 7026
1 7018 7045
1 3350 3378
1 6685 6713
1 9130 9160
1 3409 3439
1 1793 1824
1 1730 1761
1 8294 8326
1 1009 1041
1 1542 1574
1 3336 3368
1 6073 6105
1 5464 5497
1 2862 2896
1 1760 1794
1 891 925
1 945 980
1 7051 7086
1 5164 5200
1 668 706
1 6088 6126
1 6147 6185
1 6962 7000
1 1030 1069
1 521 561
1 789 830
1 3622 3663
1 9129 9171
1 768 811
1 6205 6248
1 1243 1288
1 3353 3398
1 4702 4748
1 5494 5541
1 1912 1960
1 5684 5732
1 1113 1162
1 5578 5627
1 2838 2888
1 6234 6284
1 1301 1352
1 5924 5975
1 6192 6243
1 2525 2577
1 6242 6294
1 3280 3333
1 1076 1129
1 530 583
1 2539 2593
1 2256 2310
1 528 582
1 527 581
1 534 589
1 6095 6150
1 532 588
1 7002 7058
1 4924 4982
1 1924 1984
1 535 595
1 5694 5754
1 6526 6588
1 1171 1234
1 4266 4329
1 6102 6165
1 536 600
1 537 601
1 9143 9208
1 529 594
1 1491 1556
1 3605 3670
1 5341 5406
1 9142 9209
1 1031 1099
1 6097 6167
1 3410 3481
1 3603 3674
1 2020 2092
1 6096 6168
1 2751 2826
1 1529 1604
1 6111 6188
1 6120 6197
1 6225 6302
1 6370 6448
1 1689 1769
1 7931 8012
1 2820 2901
1 1160 1241
1 1420 1501
1 5505 5590
1 1519 1605
1 6686 6772
1 5409 5496
1 5834 5921
1 2080 2168
1 2528 2617
1 9128 9219
1 5423 5515
1 2396 2489
1 4927 5020
1 5679 5773
1 7684 7781
1 1520 1620
1 4510 4610
1 1711 1812
1 6575 6676
1 3316 3420
1 1500 1607
1 3982 4089
1 5857 5967
1 6353 6465
1 7436 7549
1 676 790
1 3474 3588
1 1986 2102
1 3557 3675
1 6355 6476
1 6362 6485
1 6363 6486
1 1453 1580
1 6419 6547
1 8038 8167
1 6585 6714
1 7711 7841
1 9124 9256
1 7930 8065
1 2280 2415
1 6301 6436
1 8468 8604
1 1530 1666
1 4903 5040
1 5426 5564
1 2999 3140
1 747 890
1 6597 6746
1 6610 6761
1 6634 6785
1 4486 4650
1 3209 3381
1 1557 1731
1 6110 6285
1 5879 6057
1 7429 7608
1 1429 1609
1 6211 6398
1 6187 6378
1 2748 2940
1 4204 4396
1 1766 1959
1 5628 5821
1 5325 5519
1 1985 2180
1 3352 3548
1 5403 5601
1 6139 6339
1 6368 6568
1 2263 2466
1 7404 7609
1 5411 5617
1 7820 8029
1 2614 2825
1 4006 4218
1 2693 2908
1 2895 3114
1 5486 5710
1 2181 2407
1 1380 1608
1 5535 5763
1 3096 3328
1 5439 5674
1 5425 5661
1 2548 2794
1 3190 3440
1 5453 5704
1 7035 7291
1 3216 3475
1 5491 5750
1 741 1002
1 5448 5709
1 5441 5703
1 1007 1270
1 1097 1361
1 6290 6554
1 8066 8331
1 5432 5697
1 5433 5698
1 3306 3572
1 827 1098
1 6270 6542
1 1355 1629
1 674 955
1 2308 2594
1 7043 7330
1 8178 8467
1 803 1093
1 767 1070
1 5408 5711
1 1700 2004
1 1904 2216
1 5410 5729
1 2632 2952
1 5344 5671
1 4026 4365
1 5801 6146
1 1670 2019
1 5783 6132
1 1918 2268
1 5624 5974
1 8071 8422
1 5255 5641
1 3192 3583
1 2706 3103
1 1008 1407
1 5508 5918
1 788 1204
1 769 1203
1 2319 2754
1 1335 1770
1 3606 4041
1 755 1200
1 3254 3703
1 838 1292
1 1100 1588
1 878 1370
1 3478 3981
1 902 1410
1 836 1383
1 5373 5927
1 898 1468
1 944 1518
1 7699 8290
1 2218 2813
1 7683 8292
1 1255 1864
1 5488 6166
1 1336 2018
1 968 1699
1 2775 3620
1 1051 1916
1 1254 2123
1 1917 2810
1 2165 3102
1 894 1840
1 7678 8629
1 2287 3253
1 1379 2355
1 5490 6477
1 5487 6478
1 3016 4017
1 5477 6487
1 5476 6490
1 3265 4311
1 1371 2450
1 3060 4174
1 1236 2453
1 2179 3399
1 1691 2929
1 1577 2839
1 2871 4153
1 1667 3063
1 1575 3042
1 1660 3200
1 1521 3158
1 7381 9028
1 1865 3621
1 1705 3547
1 1871 3876
1 2164 4207
1 2524 4707
1 1326 3812
2 10497 inf
2 10495 inf
2 10491 inf
2 10487 inf
2 10483 inf
2 10481 inf
2 10477 inf
2 10475 inf
2 10471 inf
2 10469 inf
2 10465 inf
2 10463 inf
2 10459 inf
2 10457 inf
2 10453 inf
2 10449 inf
2 10445 inf
2 10443 inf
2 10439 inf
2 10437 inf
2 10433 inf
2 10431 inf
2 10429 inf
2 10427 inf
2 10425 inf
2 10421 inf
2 10417 inf
2 10413 inf
2 10409 inf
2 10407 inf
2 10403 inf
2 10401 inf
2 10397 inf
2 10393 inf
2 10389 inf
2 10385 inf
2 10383 inf
2 10381 inf
2 10377 inf
2 10373 inf
2 10371 inf
2 10365 inf
2 10363 inf
2 10361 inf
2 10359 inf
2 10357 inf
2 10353 inf
2 10351 inf
2 10347 inf
2 10343 inf
2 10339 inf
2 10337 inf
2 10333 inf
2 10331 inf
2 10327 inf
2 10323 inf
2 10321 inf
2 10319 inf
2 10315 inf
2 10311 inf
2 10309 inf
2 10305 inf
2 10301 inf
2 10297 inf
2 10293 inf
2 10289 inf
2 10285 inf
2 10281 inf
2 10279 inf
2 10277 inf
2 10273 inf
2 10269 inf
2 10265 inf
2 10259 inf
2 10255 inf
2 10251 inf
2 10247 inf
2 10243 inf
2 10239 inf
2 10235 inf
2 10233 inf
2 10229 inf
2 10225 inf
2 10221 inf
2 10217 inf
2 10213 inf
2 10211 inf
2 10207 inf
2 10203 inf
2 10199 inf
2 10195 inf
2 10193 inf
2 10191 inf
2 10187 inf
2 10185 inf
2 10181 inf
2 10179 inf
2 10175 inf
2 10171 inf
2 10167 inf
2 10163 inf
2 10159 inf
2 10155 inf
2 10153 inf
2 10149 inf
2 10145 inf
2 10141 inf
2 10137 inf
2 10135 inf
2 10131 inf
2 10127 inf
2 10125 inf
2 10121 inf
2 10117 inf
2 10113 inf
2 10109 inf
2 10105 inf
2 10103 inf
2 10099 inf
2 10097 inf
2 10095 inf
2 10093 inf
2 10089 inf
2 10087 inf
2 10083 inf
2 10081 inf
2 10079 inf
2 10075 inf
2 10073 inf
2 10069 inf
2 10067 inf
2 10063 inf
2 10059 inf
2 10057 inf
2 10053 inf
2 10049 inf
2 10045 inf
2 10043 inf
2 10039 inf
2 10035 inf
2 10031 inf
2 10029 inf
2 10025 inf
2 10021 inf
2 10019 inf
2 10017 inf
2 10013 inf
2 10009 inf
2 10007 inf
2 10003 inf
2 10001 inf
2 9999 inf
2 9997 inf
2 9995 inf
2 9991 inf
2 9989 inf
2 9985 inf
2 9981 inf
2 9977 inf
2 9975 inf
2 9971 inf
2 9969 inf
2 9967 inf
2 9961 inf
2 9957 inf
2 9955 inf
2 9951 inf
2 9947 inf
2 9943 inf
2 9939 inf
2 9935 inf
2 9931 inf
2 9927 inf
2 9925 inf
2 9923 inf
2 9917 inf
2 9913 inf
2 9909 inf
2 9905 inf
2 9901 inf
2 9897 inf
2 9893 inf
2 9889 inf
2 9887 inf
2 9885 inf
2 9881 inf
2 9877 inf
2 9875 inf
2 9871 inf
2 9867 inf
2 9863 inf
2 9861 inf
2 9859 inf
2 9855 inf
2 9851 inf
2 9847 inf
2 9845 inf
2 9841 inf
2 9839 inf
2 9837 inf
2 9833 inf
2 9831 inf
2 9827 inf
2 9823 inf
2 9821 inf
2 9817 inf
2 9813 inf
2 9811 inf
2 9809 inf
2 9807 inf
2 9803 inf
2 9801 inf
2 9799 inf
2 9797 inf
2 9795 inf
2 9793 inf
2 9789 inf
2 9785 inf
2 9783 inf
2 9777 inf
2 9775 inf
2 9771 inf
2 9767 inf
2 9763 inf
2 9761 inf
2 9757 inf
2 9755 inf
2 9749 inf
2 9745 inf
2 9743 inf
2 9741 inf
2 9737 inf
2 9735 inf
2 9731 inf
2 9727 inf
2 9723 inf
2 9719 inf
2 9715 inf
2 9713 inf
2 9709 inf
2 9705 inf
2 9701 inf
2 9697 inf
2 9695 inf
2 9691 inf
2 9687 inf
2 9683 inf
2 9679 inf
2 9675 inf
2 9673 inf
2 9669 inf
2 9665 inf
2 9663 inf
2 9661 inf
2 9659 inf
2 9655 inf
2 9653 inf
2 9649 inf
2 9645 inf
2 9643 inf
2 9635 inf
2 9631 inf
2 9627 inf
2 9623 inf
2 9619 inf
2 9617 inf
2 9613 inf
2 9611 inf
2 9609 inf
2 9607 inf
2 9603 inf
2 9601 inf
2 9597 inf
2 9595 inf
2 9591 inf
2 9587 inf
2 9583 inf
2 9581 inf
2 9577 inf
2 9573 inf
2 9569 inf
2 9567 inf
2 9565 inf
2 9563 inf
2 9557 inf
2 9555 inf
2 9553 inf
2 9549 inf
2 9545 inf
2 9541 inf
2 9537 inf
2 9533 inf
2 9529 inf
2 9525 inf
2 9523 inf
2 9519 inf
2 9517 inf
2 9513 inf
2 9509 inf
2 9505 inf
2 9503 inf
2 9499 inf
2 9497 inf
2 9493 inf
2 9489 inf
2 9485 inf
2 9483 inf
2 9479 inf
2 9477 inf
2 9471 inf
2 9467 inf
2 9463 inf
2 9459 inf
2 9457 inf
2 9453 inf
2 9451 inf
2 9447 inf
2 9445 inf
2 9443 inf
2 9439 inf
2 9437 inf
2 9435 inf
2 9433 inf
2 9431 inf
2 9427 inf
2 9425 inf
2 9419 inf
2 9415 inf
2 9411 inf
2 9409 inf
2 9407 inf
2 9403 inf
2 9399 inf
2 9395 inf
2 9393 inf
2 9391 inf
2 9389 inf
2 9387 inf
2 9383 inf
2 9379 inf
2 9377 inf
2 9373 inf
2 9367 inf
2 9365 inf
2 9363 inf
2 9361 inf
2 9357 inf
2 9353 inf
2 9349 inf
2 9345 inf
2 9341 inf
2 9339 inf
2 9335 inf
2 9333 inf
2 9331 inf
2 9329 inf
2 9327 inf
2 9324 inf
2 9322 inf
2 9320 inf
2 9315 inf
2 9314 inf
2 9311 inf
2 9305 inf
2 9303 inf
2 9299 inf
2 9297 inf
2 9296 inf
2 9294 inf
2 9292 inf
2 9288 inf
2 9286 inf
2 9282 inf
2 9280 inf
2 9275 inf
2 9274 inf
2 9272 inf
2 9268 inf
2 9263 inf
2 9261 inf
2 9257 inf
2 9255 inf
2 9253 inf
2 9249 inf
2 9247 inf
2 9243 inf
2 9241 inf
2 9237 inf
2 9233 inf
2 9231 inf
2 9228 inf
2 9225 inf
2 9221 inf
2 9218 inf
2 9214 inf
2 9212 inf
2 9210 inf
2 9201 inf
2 9197 inf
2 9193 inf
2 9189 inf
2 9185 inf
2 9181 inf
2 9162 inf
2 9159 inf
2 9153 inf
2 9141 inf
2 9122 inf
2 9116 inf
2 9114 inf
2 9112 inf
2 9108 inf
2 9104 inf
2 9102 inf
2 9098 inf
2 9094 inf
2 9092 inf
2 9088 inf
2 9086 inf
2 9084 inf
2 9080 inf
2 9076 inf
2 9072 inf
2 9068 inf
2 9064 inf
2 9062 inf
2 9060 inf
2 9058 inf
2 9054 inf
2 9052 inf
2 9048 inf
2 9046 inf
2 9042 inf
2 9040 inf
2 9036 inf
2 9034 inf
2 9030 inf
2 9027 inf
2 9023 inf
2 9019 inf
2 9015 inf
2 9011 inf
2 9009 inf
2 9003 inf
2 8999 inf
2 8995 inf
2 8993 inf
2 8987 inf
2 8983 inf
2 8981 inf
2 8979 inf
2 8975 inf
2 8973 inf
2 8969 inf
2 8965 inf
2 8961 inf
2 8957 inf
2 8953 inf
2 8949 inf
2 8945 inf
2 8943 inf
2 8941 inf
2 8937 inf
2 8935 inf
2 8933 inf
2 8928 inf
2 8926 inf
2 8924 inf
2 8920 inf
2 8918 inf
2 8914 inf
2 8912 inf
2 8908 inf
2 8906 inf
2 8904 inf
2 8898 inf
2 8894 inf
2 8892 inf
2 8890 inf
2 8888 inf
2 8886 inf
2 8882 inf
2 8878 inf
2 8874 inf
2 8870 inf
2 8866 inf
2 8864 inf
2 8860 inf
2 8856 inf
2 8852 inf
2 8850 inf
2 8846 inf
2 8840 inf
2 8839 inf
2 8835 inf
2 8833 inf
2 8827 inf
2 8825 inf
2 8819 inf
2 8815 inf
2 8811 inf
2 8809 inf
2 8803 inf
2 8799 inf
2 8797 inf
2 8793 inf
2 8791 inf
2 8789 inf
2 8787 inf
2 8783 inf
2 8779 inf
2 8775 inf
2 8771 inf
2 8769 inf
2 8767 inf
2 8765 inf
2 8761 inf
2 8757 inf
2 8753 inf
2 8751 inf
2 8749 inf
2 8747 inf
2 8743 inf
2 8741 inf
2 8737 inf
2 8735 inf
2 8731 inf
2 8729 inf
2 8725 inf
2 8723 inf
2 8721 inf
2 8719 inf
2 8715 inf
2 8713 inf
2 8710 inf
2 8707 inf
2 8705 inf
2 8702 inf
2 8699 inf
2 8693 inf
2 8689 inf
2 8687 inf
2 8685 inf
2 8683 inf
2 8679 inf
2 8677 inf
2 8673 inf
2 8665 inf
2 8661 inf
2 8659 inf
2 8655 inf
2 8653 inf
2 8649 inf
2 8647 inf
2 8645 inf
2 8643 inf
2 8639 inf
2 8637 inf
2 8635 inf
2 8633 inf
2 8626 inf
2 8624 inf
2 8620 inf
2 8614 inf
2 8612 inf
2 8610 inf
2 8608 inf
2 8606 inf
2 8603 inf
2 8601 inf
2 8597 inf
2 8593 inf
2 8589 inf
2 8585 inf
2 8580 inf
2 8576 inf
2 8574 inf
2 8566 inf
2 8562 inf
2 8560 inf
2 8558 inf
2 8554 inf
2 8548 inf
2 8546 inf
2 8542 inf
2 8538 inf
2 8536 inf
2 8530 inf
2 8528 inf
2 8526 inf
2 8520 inf
2 8518 inf
2 8514 inf
2 8510 inf
2 8506 inf
2 8504 inf
2 8502 inf
2 8498 inf
2 8496 inf
2 8490 inf
2 8486 inf
2 8482 inf
2 8480 inf
2 8476 inf
2 8472 inf
2 8466 inf
2 8462 inf
2 8458 inf
2 8454 inf
2 8452 inf
2 8448 inf
2 8444 inf
2 8440 inf
2 8436 inf
2 8432 inf
2 8430 inf
2 8428 inf
2 8426 inf
2 8421 inf
2 8419 inf
2 8417 inf
2 8415 inf
2 8411 inf
2 8407 inf
2 8399 inf
2 8395 inf
2 8393 inf
2 8392 inf
2 8390 inf
2 8386 inf
2 8384 inf
2 8382 inf
2 8380 inf
2 8375 inf
2 8373 inf
2 8371 inf
2 8369 inf
2 8365 inf
2 8363 inf
2 8359 inf
2 8357 inf
2 8353 inf
2 8349 inf
2 8347 inf
2 8343 inf
2 8341 inf
2 8338 inf
2 8336 inf
2 8334 inf
2 8332 inf
2 8330 inf
2 8328 inf
2 8324 inf
2 8316 inf
2 8312 inf
2 8310 inf
2 8303 inf
2 8301 inf
2 8299 inf
2 8289 inf
2 8287 inf
2 8285 inf
2 8283 inf
2 8279 inf
2 8275 inf
2 8273 inf
2 8269 inf
2 8265 inf
2 8263 inf
2 8259 inf
2 8255 inf
2 8254 inf
2 8250 inf
2 8244 inf
2 8238 inf
2 8234 inf
2 8230 inf
2 8224 inf
2 8220 inf
2 8218 inf
2 8216 inf
2 8214 inf
2 8212 inf
2 8208 inf
2 8206 inf
2 8204 inf
2 8202 inf
2 8200 inf
2 8196 inf
2 8194 inf
2 8190 inf
2 8188 inf
2 8184 inf
2 8177 inf
2 8175 inf
2 8169 inf
2 8168 inf
2 8166 inf
2 8162 inf
2 8158 inf
2 8156 inf
2 8152 inf
2 8148 inf
2 8146 inf
2 8142 inf
2 8141 inf
2 8131 inf
2 8127 inf
2 8125 inf
2 8123 inf
2 8119 inf
2 8117 inf
2 8111 inf
2 8109 inf
2 8107 inf
2 8103 inf
2 8101 inf
2 8099 inf
2 8095 inf
2 8093 inf
2 8085 inf
2 8079 inf
2 8075 inf
2 8070 inf
2 8064 inf
2 8062 inf
2 8056 inf
2 8052 inf
2 8048 inf
2 8044 inf
2 8042 inf
2 8040 inf
2 8037 inf
2 8033 inf
2 8028 inf
2 8026 inf
2 8024 inf
2 8020 inf
2 8016 inf
2 8011 inf
2 8009 inf
2 8005 inf
2 8001 inf
2 7997 inf
2 7993 inf
2 7989 inf
2 7985 inf
2 7983 inf
2 7979 inf
2 7975 inf
2 7973 inf
2 7969 inf
2 7965 inf
2 7961 inf
2 7957 inf
2 7951 inf
2 7943 inf
2 7938 inf
2 7925 inf
2 7921 inf
2 7919 inf
2 7917 inf
2 7915 inf
2 7911 inf
2 7909 inf
2 7907 inf
2 7903 inf
2 7901 inf
2 7899 inf
2 7893 inf
2 7891 inf
2 7887 inf
2 7881 inf
2 7879 inf
2 7877 inf
2 7873 inf
2 7865 inf
2 7863 inf
2 7859 inf
2 7855 inf
2 7851 inf
2 7845 inf
2 7838 inf
2 7832 inf
2 7828 inf
2 7816 inf
2 7814 inf
2 7807 inf
2 7802 inf
2 7795 inf
2 7789 inf
2 7785 inf
2 7783 inf
2 7780 inf
2 7776 inf
2 7770 inf
2 7766 inf
2 7761 inf
2 7757 inf
2 7753 inf
2 7749 inf
2 7747 inf
2 7740 inf
2 7734 inf
2 7732 inf
2 7724 inf
2 7720 inf
2 7716 inf
2 7709 inf
2 7698 inf
2 7694 inf
2 7692 inf
2 7677 inf
2 7675 inf
2 7671 inf
2 7669 inf
2 7665 inf
2 7663 inf
2 7659 inf
2 7657 inf
2 7655 inf
2 7651 inf
2 7646 inf
2 7642 inf
2 7640 inf
2 7638 inf
2 7636 inf
2 7632 inf
2 7629 inf
2 7627 inf
2 7625 inf
2 7621 inf
2 7617 inf
2 7615 inf
2 7603 inf
2 7599 inf
2 7595 inf
2 7591 inf
2 7587 inf
2 7585 inf
2 7583 inf
2 7579 inf
2 7575 inf
2 7571 inf
2 7567 inf
2 7565 inf
2 7561 inf
2 7557 inf
2 7553 inf
2 7548 inf
2 7540 inf
2 7536 inf
2 7533 inf
2 7531 inf
2 7525 inf
2 7523 inf
2 7520 inf
2 7518 inf
2 7512 inf
2 7504 inf
2 7502 inf
2 7498 inf
2 7494 inf
2 7492 inf
2 7486 inf
2 7478 inf
2 7474 inf
2 7472 inf
2 7468 inf
2 7466 inf
2 7462 inf
2 7456 inf
2 7454 inf
2 7450 inf
2 7445 inf
2 7440 inf
2 7438 inf
2 7433 inf
2 7427 inf
2 7425 inf
2 7423 inf
2 7415 inf
2 7408 inf
2 7403 inf
2 7399 inf
2 7397 inf
2 7393 inf
2 7388 inf
2 7380 inf
2 7376 inf
2 7372 inf
2 7368 inf
2 7366 inf
2 7359 inf
2 7354 inf
2 7349 inf
2 7344 inf
2 7342 inf
2 7340 inf
2 7338 inf
2 7336 inf
2 7334 inf
2 7329 inf
2 7325 inf
2 7319 inf
2 7313 inf
2 7311 inf
2 7307 inf
2 7305 inf
2 7301 inf
2 7295 inf
2 7290 inf
2 7288 inf
2 7284 inf
2 7282 inf
2 7280 inf
2 7276 inf
2 7266 inf
2 7264 inf
2 7262 inf
2 7260 inf
2 7258 inf
2 7254 inf
2 7252 inf
2 7248 inf
2 7244 inf
2 7240 inf
2 7234 inf
2 7230 inf
2 7228 inf
2 7220 inf
2 7216 inf
2 7212 inf
2 7210 inf
2 7206 inf
2 7202 inf
2 7200 inf
2 7196 inf
2 7192 inf
2 7188 inf
2 7182 inf
2 7180 inf
2 7176 inf
2 7174 inf
2 7172 inf
2 7168 inf
2 7166 inf
2 7164 inf
2 7160 inf
2 7158 inf
2 7156 inf
2 7152 inf
2 7148 inf
2 7145 inf
2 7141 inf
2 7139 inf
2 7138 inf
2 7132 inf
2 7130 inf
2 7128 inf
2 7124 inf
2 7122 inf
2 7118 inf
2 7114 inf
2 7112 inf
2 7108 inf
2 7104 inf
2 7100 inf
2 7096 inf
2 7094 inf
2 7085 inf
2 7077 inf
2 7075 inf
2 7071 inf
2 7069 inf
2 7066 inf
2 7057 inf
2 7055 inf
2 7050 inf
2 7046 inf
2 7044 inf
2 7042 inf
2 7041 inf
2 7037 inf
2 7033 inf
2 7027 inf
2 7025 inf
2 7022 inf
2 7017 inf
2 7013 inf
2 7008 inf
2 7004 inf
2 7001 inf
2 6997 inf
2 6993 inf
2 6986 inf
2 6981 inf
2 6977 inf
2 6973 inf
2 6969 inf
2 6966 inf
2 6961 inf
2 6959 inf
2 6956 inf
2 6954 inf
2 6947 inf
2 6945 inf
2 6941 inf
2 6935 inf
2 6931 inf
2 6929 inf
2 6926 inf
2 6921 inf
2 6919 inf
2 6915 inf
2 6907 inf
2 6905 inf
2 6901 inf
2 6895 inf
2 6893 inf
2 6889 inf
2 6887 inf
2 6885 inf
2 6883 inf
2 6881 inf
2 6877 inf
2 6875 inf
2 6873 inf
2 6869 inf
2 6865 inf
2 6861 inf
2 6855 inf
2 6849 inf
2 6845 inf
2 6843 inf
2 6841 inf
2 6835 inf
2 6831 inf
2 6826 inf
2 6822 inf
2 6820 inf
2 6816 inf
2 6812 inf
2 6810 inf
2 6808 inf
2 6807 inf
2 6803 inf
2 6801 inf
2 6797 inf
2 6791 inf
2 6789 inf
2 6784 inf
2 6780 inf
2 6778 inf
2 6774 inf
2 6771 inf
2 6767 inf
2 6763 inf
2 6758 inf
2 6756 inf
2 6752 inf
2 6741 inf
2 6737 inf
2 6736 inf
2 6732 inf
2 6728 inf
2 6724 inf
2 6718 inf
2 6712 inf
2 6710 inf
2 6708 inf
2 6704 inf
2 6698 inf
2 6696 inf
2 6692 inf
2 6690 inf
2 6682 inf
2 6678 inf
2 6675 inf
2 6671 inf
2 6669 inf
2 6666 inf
2 6662 inf
2 6658 inf
2 6653 inf
2 6647 inf
2 6642 inf
2 6640 inf
2 6631 inf
2 6626 inf
2 6615 inf
2 6609 inf
2 6607 inf
2 6601 inf
2 6596 inf
2 6592 inf
2 6590 inf
2 6582 inf
2 6577 inf
2 6574 inf
2 6570 inf
2 6565 inf
2 6563 inf
2 6558 inf
2 6540 inf
2 6536 inf
2 6532 inf
2 6525 inf
2 6521 inf
2 6517 inf
2 6515 inf
2 6510 inf
2 6508 inf
2 6506 inf
2 6502 inf
2 6501 inf
2 6497 inf
2 6496 inf
2 6475 inf
2 6471 inf
2 6464 inf
2 6458 inf
2 6453 inf
2 6451 inf
2 6447 inf
2 6445 inf
2 6441 inf
2 6435 inf
2 6423 inf
2 6418 inf
2 6416 inf
2 6412 inf
2 6408 inf
2 6403 inf
2 6393 inf
2 6388 inf
2 6384 inf
2 6375 inf
2 6371 inf
2 6367 inf
2 6349 inf
2 6345 inf
2 6338 inf
2 6330 inf
2 6326 inf
2 6322 inf
2 6320 inf
2 6316 inf
2 6314 inf
2 6310 inf
2 6306 inf
2 6300 inf
2 6289 inf
2 6283 inf
2 6279 inf
2 6277 inf
2 6273 inf
2 6267 inf
2 6265 inf
2 6261 inf
2 6257 inf
2 6255 inf
2 6247 inf
2 6239 inf
2 6233 inf
2 6229 inf
2 6223 inf
2 6221 inf
2 6217 inf
2 6203 inf
2 6199 inf
2 6196 inf
2 6182 inf
2 6178 inf
2 6174 inf
2 6172 inf
2 6162 inf
2 6145 inf
2 6141 inf
2 6136 inf
2 6131 inf
2 6125 inf
2 6117 inf
2 6109 inf
2 6104 inf
2 6101 inf
2 6094 inf
2 6090 inf
2 6081 inf
2 6075 inf
2 6072 inf
2 6068 inf
2 6052 inf
2 6044 inf
2 6033 inf
2 6031 inf
2 6027 inf
2 6025 inf
2 6021 inf
2 6017 inf
2 6015 inf
2 6011 inf
2 6009 inf
2 6007 inf
2 6003 inf
2 5993 inf
2 5992 inf
2 5988 inf
2 5984 inf
2 5980 inf
2 5978 inf
2 5977 inf
2 5971 inf
2 5962 inf
2 5960 inf
2 5955 inf
2 5951 inf
2 5942 inf
2 5938 inf
2 5914 inf
2 5901 inf
2 5897 inf
2 5895 inf
2 5887 inf
2 5885 inf
2 5881 inf
2 5875 inf
2 5865 inf
2 5863 inf
2 5856 inf
2 5846 inf
2 5833 inf
2 5829 inf
2 5824 inf
2 5818 inf
2 5816 inf
2 5811 inf
2 5809 inf
2 5805 inf
2 5799 inf
2 5795 inf
2 5791 inf
2 5789 inf
2 5787 inf
2 5781 inf
2 5777 inf
2 5772 inf
2 5769 inf
2 5767 inf
2 5762 inf
2 5758 inf
2 5752 inf
2 5749 inf
2 5745 inf
2 5741 inf
2 5739 inf
2 5736 inf
2 5731 inf
2 5728 inf
2 5724 inf
2 5719 inf
2 5717 inf
2 5713 inf
2 5708 inf
2 5696 inf
2 5693 inf
2 5691 inf
2 5688 inf
2 5683 inf
2 5678 inf
2 5673 inf
2 5667 inf
2 5656 inf
2 5654 inf
2 5652 inf
2 5650 inf
2 5644 inf
2 5640 inf
2 5638 inf
2 5634 inf
2 5630 inf
2 5623 inf
2 5621 inf
2 5616 inf
2 5613 inf
2 5609 inf
2 5607 inf
2 5603 inf
2 5600 inf
2 5596 inf
2 5594 inf
2 5586 inf
2 5580 inf
2 5575 inf
2 5570 inf
2 5568 inf
2 5561 inf
2 5559 inf
2 5555 inf
2 5545 inf
2 5539 inf
2 5537 inf
2 5534 inf
2 5530 inf
2 5527 inf
2 5524 inf
2 5503 inf
2 5482 inf
2 5475 inf
2 5452 inf
2 5447 inf
2 5443 inf
2 5437 inf
2 5419 inf
2 5415 inf
2 5399 inf
2 5397 inf
2 5395 inf
2 5391 inf
2 5385 inf
2 5381 inf
2 5370 inf
2 5366 inf
2 5361 inf
2 5355 inf
2 5350 inf
2 5338 inf
2 5332 inf
2 5316 inf
2 5311 inf
2 5307 inf
2 5303 inf
2 5301 inf
2 5297 inf
2 5293 inf
2 5290 inf
2 5288 inf
2 5284 inf
2 5278 inf
2 5272 inf
2 5269 inf
2 5267 inf
2 5265 inf
2 5261 inf
2 5259 inf
2 5254 inf
2 5244 inf
2 5241 inf
2 5237 inf
2 5232 inf
2 5228 inf
2 5224 inf
2 5222 inf
2 5220 inf
2 5215 inf
2 5211 inf
2 5206 inf
2 5201 inf
2 5199 inf
2 5197 inf
2 5193 inf
2 5188 inf
2 5186 inf
2 5180 inf
2 5175 inf
2 5173 inf
2 5171 inf
2 5169 inf
2 5163 inf
2 5161 inf
2 5157 inf
2 5155 inf
2 5149 inf
2 5145 inf
2 5139 inf
2 5135 inf
2 5133 inf
2 5131 inf
2 5127 inf
2 5125 inf
2 5119 inf
2 5113 inf
2 5109 inf
2 5107 inf
2 5101 inf
2 5099 inf
2 5093 inf
2 5091 inf
2 5086 inf
2 5082 inf
2 5078 inf
2 5076 inf
2 5072 inf
2 5068 inf
2 5066 inf
2 5064 inf
2 5062 inf
2 5060 inf
2 5056 inf
2 5051 inf
2 5048 inf
2 5046 inf
2 5042 inf
2 5037 inf
2 5035 inf
2 5031 inf
2 5029 inf
2 5027 inf
2 5025 inf
2 5018 inf
2 5016 inf
2 5012 inf
2 5008 inf
2 5004 inf
2 5002 inf
2 4998 inf
2 4994 inf
2 4990 inf
2 4986 inf
2 4981 inf
2 4977 inf
2 4971 inf
2 4969 inf
2 4967 inf
2 4963 inf
2 4961 inf
2 4959 inf
2 4957 inf
2 4953 inf
2 4950 inf
2 4945 inf
2 4941 inf
2 4939 inf
2 4935 inf
2 4929 inf
2 4921 inf
2 4917 inf
2 4915 inf
2 4913 inf
2 4909 inf
2 4907 inf
2 4900 inf
2 4898 inf
2 4896 inf
2 4894 inf
2 4890 inf
2 4886 inf
2 4882 inf
2 4880 inf
2 4876 inf
2 4874 inf
2 4872 inf
2 4868 inf
2 4862 inf
2 4858 inf
2 4857 inf
2 4855 inf
2 4851 inf
2 4849 inf
2 4847 inf
2 4843 inf
2 4841 inf
2 4839 inf
2 4835 inf
2 4833 inf
2 4829 inf
2 4825 inf
2 4823 inf
2 4819 inf
2 4816 inf
2 4814 inf
2 4812 inf
2 4810 inf
2 4808 inf
2 4804 inf
2 4800 inf
2 4798 inf
2 4791 inf
2 4787 inf
2 4782 inf
2 4780 inf
2 4778 inf
2 4776 inf
2 4772 inf
2 4770 inf
2 4768 inf
2 4766 inf
2 4763 inf
2 4761 inf
2 4760 inf
2 4756 inf
2 4753 inf
2 4752 inf
2 4750 inf
2 4747 inf
2 4744 inf
2 4742 inf
2 4738 inf
2 4736 inf
2 4734 inf
2 4732 inf
2 4728 inf
2 4727 inf
2 4725 inf
2 4724 inf
2 4723 inf
2 4721 inf
2 4715 inf
2 4713 inf
2 4711 inf
2 4704 inf
2 4701 inf
2 4699 inf
2 4695 inf
2 4691 inf
2 4687 inf
2 4682 inf
2 4676 inf
2 4674 inf
2 4670 inf
2 4668 inf
2 4664 inf
2 4662 inf
2 4660 inf
2 4656 inf
2 4654 inf
2 4652 inf
2 4649 inf
2 4645 inf
2 4641 inf
2 4632 inf
2 4629 inf
2 4627 inf
2 4625 inf
2 4618 inf
2 4616 inf
2 4612 inf
2 4609 inf
2 4605 inf
2 4603 inf
2 4601 inf
2 4597 inf
2 4593 inf
2 4587 inf
2 4585 inf
2 4583 inf
2 4581 inf
2 4577 inf
2 4575 inf
2 4570 inf
2 4568 inf
2 4566 inf
2 4562 inf
2 4560 inf
2 4555 inf
2 4553 inf
2 4551 inf
2 4547 inf
2 4544 inf
2 4541 inf
2 4539 inf
2 4537 inf
2 4533 inf
2 4529 inf
2 4527 inf
2 4525 inf
2 4520 inf
2 4518 inf
2 4516 inf
2 4512 inf
2 4507 inf
2 4505 inf
2 4502 inf
2 4498 inf
2 4496 inf
2 4494 inf
2 4488 inf
2 4485 inf
2 4483 inf
2 4479 inf
2 4477 inf
2 4475 inf
2 4473 inf
2 4471 inf
2 4467 inf
2 4465 inf
2 4462 inf
2 4458 inf
2 4456 inf
2 4455 inf
2 4449 inf
2 4441 inf
2 4439 inf
2 4435 inf
2 4430 inf
2 4426 inf
2 4422 inf
2 4418 inf
2 4416 inf
2 4412 inf
2 4408 inf
2 4406 inf
2 4404 inf
2 4400 inf
2 4398 inf
2 4395 inf
2 4391 inf
2 4387 inf
2 4383 inf
2 4381 inf
2 4379 inf
2 4377 inf
2 4375 inf
2 4371 inf
2 4369 inf
2 4367 inf
2 4364 inf
2 4362 inf
2 4360 inf
2 4357 inf
2 4355 inf
2 4351 inf
2 4347 inf
2 4343 inf
2 4339 inf
2 4337 inf
2 4335 inf
2 4325 inf
2 4321 inf
2 4319 inf
2 4315 inf
2 4310 inf
2 4309 inf
2 4304 inf
2 4300 inf
2 4296 inf
2 4294 inf
2 4290 inf
2 4286 inf
2 4284 inf
2 4276 inf
2 4270 inf
2 4268 inf
2 4263 inf
2 4258 inf
2 4256 inf
2 4254 inf
2 4252 inf
2 4246 inf
2 4242 inf
2 4240 inf
2 4238 inf
2 4236 inf
2 4231 inf
2 4228 inf
2 4224 inf
2 4221 inf
2 4220 inf
2 4217 inf
2 4213 inf
2 4211 inf
2 4209 inf
2 4203 inf
2 4199 inf
2 4194 inf
2 4191 inf
2 4187 inf
2 4186 inf
2 4182 inf
2 4178 inf
2 4171 inf
2 4169 inf
2 4163 inf
2 4159 inf
2 4157 inf
2 4150 inf
2 4146 inf
2 4142 inf
2 4138 inf
2 4136 inf
2 4132 inf
2 4130 inf
2 4128 inf
2 4126 inf
2 4122 inf
2 4120 inf
2 4118 inf
2 4114 inf
2 4108 inf
2 4104 inf
2 4101 inf
2 4099 inf
2 4096 inf
2 4092 inf
2 4090 inf
2 4088 inf
2 4084 inf
2 4080 inf
2 4078 inf
2 4076 inf
2 4072 inf
2 4070 inf
2 4068 inf
2 4064 inf
2 4061 inf
2 4057 inf
2 4056 inf
2 4052 inf
2 4048 inf
2 4046 inf
2 4043 inf
2 4040 inf
2 4036 inf
2 4034 inf
2 4032 inf
2 4028 inf
2 4025 inf
2 4023 inf
2 4016 inf
2 4012 inf
2 4005 inf
2 4000 inf
2 3996 inf
2 3994 inf
2 3992 inf
2 3988 inf
2 3984 inf
2 3975 inf
2 3974 inf
2 3970 inf
2 3967 inf
2 3965 inf
2 3963 inf
2 3961 inf
2 3959 inf
2 3953 inf
2 3951 inf
2 3947 inf
2 3946 inf
2 3941 inf
2 3939 inf
2 3936 inf
2 3930 inf
2 3927 inf
2 3924 inf
2 3922 inf
2 3918 inf
2 3916 inf
2 3914 inf
2 3912 inf
2 3906 inf
2 3904 inf
2 3900 inf
2 3898 inf
2 3894 inf
2 3890 inf
2 3888 inf
2 3884 inf
2 3882 inf
2 3880 inf
2 3873 inf
2 3871 inf
2 3869 inf
2 3866 inf
2 3863 inf
2 3861 inf
2 3859 inf
2 3857 inf
2 3854 inf
2 3850 inf
2 3848 inf
2 3846 inf
2 3844 inf
2 3842 inf
2 3838 inf
2 3837 inf
2 3833 inf
2 3832 inf
2 3830 inf
2 3828 inf
2 3826 inf
2 3822 inf
2 3820 inf
2 3811 inf
2 3807 inf
2 3805 inf
2 3803 inf
2 3799 inf
2 3795 inf
2 3790 inf
2 3784 inf
2 3777 inf
2 3774 inf
2 3772 inf
2 3768 inf
2 3767 inf
2 3766 inf
2 3765 inf
2 3763 inf
2 3759 inf
2 3753 inf
2 3748 inf
2 3737 inf
2 3733 inf
2 3731 inf
2 3729 inf
2 3727 inf
2 3721 inf
2 3719 inf
2 3715 inf
2 3709 inf
2 3708 inf
2 3706 inf
2 3704 inf
2 3700 inf
2 3693 inf
2 3689 inf
2 3687 inf
2 3681 inf
2 3677 inf
2 3673 inf
2 3669 inf
2 3668 inf
2 3667 inf
2 3662 inf
2 3656 inf
2 3650 inf
2 3646 inf
2 3645 inf
2 3639 inf
2 3633 inf
2 3625 inf
2 3617 inf
2 3614 inf
2 3612 inf
2 3602 inf
2 3600 inf
2 3596 inf
2 3592 inf
2 3590 inf
2 3587 inf
2 3585 inf
2 3578 inf
2 3574 inf
2 3571 inf
2 3569 inf
2 3567 inf
2 3561 inf
2 3556 inf
2 3551 inf
2 3546 inf
2 3542 inf
2 3538 inf
2 3533 inf
2 3529 inf
2 3527 inf
2 3525 inf
2 3521 inf
2 3519 inf
2 3517 inf
2 3511 inf
2 3507 inf
2 3503 inf
2 3499 inf
2 3497 inf
2 3495 inf
2 3493 inf
2 3489 inf
2 3487 inf
2 3480 inf
2 3477 inf
2 3473 inf
2 3469 inf
2 3461 inf
2 3450 inf
2 3447 inf
2 3442 inf
2 3438 inf
2 3435 inf
2 3433 inf
2 3431 inf
2 3429 inf
2 3422 inf
2 3415 inf
2 3406 inf
2 3404 inf
2 3397 inf
2 3393 inf
2 3389 inf
2 3387 inf
2 3383 inf
2 3380 inf
2 3375 inf
2 3373 inf
2 3366 inf
2 3360 inf
2 3359 inf
2 3358 inf
2 3349 inf
2 3347 inf
2 3345 inf
2 3338 inf
2 3330 inf
2 3327 inf
2 3311 inf
2 3305 inf
2 3301 inf
2 3297 inf
2 3290 inf
2 3288 inf
2 3286 inf
2 3284 inf
2 3277 inf
2 3272 inf
2 3270 inf
2 3264 inf
2 3262 inf
2 3252 inf
2 3246 inf
2 3244 inf
2 3243 inf
2 3239 inf
2 3235 inf
2 3231 inf
2 3229 inf
2 3224 inf
2 3222 inf
2 3217 inf
2 3211 inf
2 3206 inf
2 3204 inf
2 3201 inf
2 3197 inf
2 3195 inf
2 3191 inf
2 3189 inf
2 3187 inf
2 3179 inf
2 3177 inf
2 3175 inf
2 3173 inf
2 3171 inf
2 3167 inf
2 3163 inf
2 3161 inf
2 3151 inf
2 3144 inf
2 3139 inf
2 3130 inf
2 3128 inf
2 3124 inf
2 3122 inf
2 3118 inf
2 3112 inf
2 3110 inf
2 3108 inf
2 3106 inf
2 3104 inf
2 3101 inf
2 3089 inf
2 3079 inf
2 3077 inf
2 3075 inf
2 3071 inf
2 3065 inf
2 3062 inf
2 3059 inf
2 3050 inf
2 3046 inf
2 3039 inf
2 3035 inf
2 3030 inf
2 3028 inf
2 3026 inf
2 3021 inf
2 3019 inf
2 3018 inf
2 3013 inf
2 3009 inf
2 3004 inf
2 2998 inf
2 2994 inf
2 2992 inf
2 2989 inf
2 2987 inf
2 2985 inf
2 2981 inf
2 2979 inf
2 2975 inf
2 2971 inf
2 2967 inf
2 2965 inf
2 2961 inf
2 2960 inf
2 2958 inf
2 2954 inf
2 2951 inf
2 2949 inf
2 2947 inf
2 2945 inf
2 2942 inf
2 2937 inf
2 2921 inf
2 2918 inf
2 2916 inf
2 2912 inf
2 2906 inf
2 2904 inf
2 2902 inf
2 2900 inf
2 2894 inf
2 2892 inf
2 2890 inf
2 2887 inf
2 2885 inf
2 2883 inf
2 2878 inf
2 2875 inf
2 2873 inf
2 2868 inf
2 2861 inf
2 2857 inf
2 2855 inf
2 2853 inf
2 2852 inf
2 2851 inf
2 2845 inf
2 2843 inf
2 2823 inf
2 2822 inf
2 2819 inf
2 2817 inf
2 2812 inf
2 2807 inf
2 2804 inf
2 2800 inf
2 2791 inf
2 2789 inf
2 2786 inf
2 2781 inf
2 2778 inf
2 2773 inf
2 2769 inf
2 2765 inf
2 2762 inf
2 2760 inf
2 2756 inf
2 2753 inf
2 2750 inf
2 2744 inf
2 2740 inf
2 2736 inf
2 2732 inf
2 2728 inf
2 2726 inf
2 2724 inf
2 2722 inf
2 2719 inf
2 2711 inf
2 2710 inf
2 2703 inf
2 2698 inf
2 2696 inf
2 2692 inf
2 2688 inf
2 2682 inf
2 2678 inf
2 2672 inf
2 2666 inf
2 2657 inf
2 2656 inf
2 2652 inf
2 2648 inf
2 2646 inf
2 2642 inf
2 2638 inf
2 2634 inf
2 2631 inf
2 2622 inf
2 2619 inf
2 2612 inf
2 2610 inf
2 2606 inf
2 2604 inf
2 2602 inf
2 2598 inf
2 2592 inf
2 2590 inf
2 2586 inf
2 2582 inf
2 2576 inf
2 2572 inf
2 2568 inf
2 2566 inf
2 2564 inf
2 2562 inf
2 2558 inf
2 2556 inf
2 2552 inf
2 2547 inf
2 2543 inf
2 2538 inf
2 2532 inf
2 2527 inf
2 2523 inf
2 2521 inf
2 2519 inf
2 2515 inf
2 2513 inf
2 2511 inf
2 2510 inf
2 2504 inf
2 2500 inf
2 2496 inf
2 2492 inf
2 2491 inf
2 2486 inf
2 2484 inf
2 2478 inf
2 2474 inf
2 2470 inf
2 2465 inf
2 2463 inf
2 2461 inf
2 2459 inf
2 2455 inf
2 2452 inf
2 2444 inf
2 2438 inf
2 2431 inf
2 2427 inf
2 2425 inf
2 2423 inf
2 2419 inf
2 2414 inf
2 2410 inf
2 2405 inf
2 2400 inf
2 2393 inf
2 2391 inf
2 2389 inf
2 2387 inf
2 2385 inf
2 2381 inf
2 2377 inf
2 2373 inf
2 2371 inf
2 2359 inf
2 2352 inf
2 2350 inf
2 2348 inf
2 2340 inf
2 2338 inf
2 2327 inf
2 2316 inf
2 2313 inf
2 2305 inf
2 2301 inf
2 2297 inf
2 2295 inf
2 2291 inf
2 2286 inf
2 2282 inf
2 2276 inf
2 2274 inf
2 2270 inf
2 2262 inf
2 2252 inf
2 2250 inf
2 2246 inf
2 2237 inf
2 2235 inf
2 2233 inf
2 2223 inf
2 2215 inf
2 2211 inf
2 2209 inf
2 2205 inf
2 2199 inf
2 2197 inf
2 2189 inf
2 2185 inf
2 2176 inf
2 2172 inf
2 2167 inf
2 2161 inf
2 2154 inf
2 2150 inf
2 2142 inf
2 2140 inf
2 2131 inf
2 2129 inf
2 2124 inf
2 2114 inf
2 2113 inf
2 2111 inf
2 2106 inf
2 2104 inf
2 2101 inf
2 2091 inf
2 2087 inf
2 2083 inf
2 2076 inf
2 2072 inf
2 2066 inf
2 2062 inf
2 2052 inf
2 2048 inf
2 2044 inf
2 2042 inf
2 2036 inf
2 2032 inf
2 2026 inf
2 2017 inf
2 2014 inf
2 2011 inf
2 2007 inf
2 2006 inf
2 2003 inf
2 1999 inf
2 1997 inf
2 1988 inf
2 1983 inf
2 1981 inf
2 1977 inf
2 1973 inf
2 1965 inf
2 1963 inf
2 1962 inf
2 1956 inf
2 1948 inf
2 1930 inf
2 1928 inf
2 1919 inf
2 1908 inf
2 1903 inf
2 1899 inf
2 1897 inf
2 1889 inf
2 1884 inf
2 1879 inf
2 1875 inf
2 1873 inf
2 1868 inf
2 1862 inf
2 1858 inf
2 1852 inf
2 1848 inf
2 1844 inf
2 1842 inf
2 1838 inf
2 1834 inf
2 1830 inf
2 1819 inf
2 1816 inf
2 1815 inf
2 1809 inf
2 1803 inf
2 1797 inf
2 1789 inf
2 1778 inf
2 1773 inf
2 1771 inf
2 1749 inf
2 1747 inf
2 1744 inf
2 1740 inf
2 1737 inf
2 1733 inf
2 1729 inf
2 1723 inf
2 1721 inf
2 1717 inf
2 1698 inf
2 1688 inf
2 1685 inf
2 1683 inf
2 1679 inf
2 1675 inf
2 1665 inf
2 1664 inf
2 1659 inf
2 1654 inf
2 1651 inf
2 1650 inf
2 1649 inf
2 1634 inf
2 1630 inf
2 1628 inf
2 1626 inf
2 1622 inf
2 1619 inf
2 1617 inf
2 1611 inf
2 1599 inf
2 1595 inf
2 1592 inf
2 1587 inf
2 1571 inf
2 1567 inf
2 1565 inf
2 1563 inf
2 1561 inf
2 1548 inf
2 1546 inf
2 1541 inf
2 1534 inf
2 1511 inf
2 1507 inf
2 1499 inf
2 1490 inf
2 1488 inf
2 1485 inf
2 1480 inf
2 1471 inf
2 1455 inf
2 1450 inf
2 1438 inf
2 1426 inf
2 1418 inf
2 1416 inf
2 1412 inf
2 1401 inf
2 1397 inf
2 1386 inf
2 1376 inf
2 1368 inf
2 1346 inf
2 1334 inf
2 1332 inf
2 1330 inf
2 1314 inf
2 1310 inf
2 1306 inf
2 1300 inf
2 1294 inf
2 1290 inf
2 1277 inf
2 1272 inf
2 1269 inf
2 1267 inf
2 1253 inf
2 1249 inf
2 1239 inf
2 1229 inf
2 1226 inf
2 1223 inf
2 1219 inf
2 1211 inf
2 1210 inf
2 1208 inf
2 1206 inf
2 1176 inf
2 1170 inf
2 1166 inf
2 1153 inf
2 1143 inf
2 1140 inf
2 1138 inf
2 1136 inf
2 1134 inf
2 1117 inf
2 1111 inf
2 1102 inf
2 1085 inf
2 1081 inf
2 1074 inf
2 1067 inf
2 1065 inf
2 1060 inf
2 1055 inf
2 1050 inf
2 1038 inf
2 1029 inf
2 1025 inf
2 1020 inf
2 1016 inf
2 1011 inf
2 1006 inf
2 987 inf
2 974 inf
2 972 inf
2 965 inf
2 933 inf
2 918 inf
2 909 inf
2 885 inf
2 883 inf
2 821 inf
2 797 inf
2 785 inf
2 754 inf
2 728 inf
2 722 inf
2 711 inf
2 694 inf
2 655 inf
2 564 inf
2 479 inf
