0 283 290
0 271 293
0 284 320
0 282 319
0 259 298
0 247 307
0 260 324
0 258 323
0 235 301
0 272 344
0 270 343
0 287 364
0 223 300
0 211 292
0 248 330
0 246 329
0 279 370
0 224 316
0 222 315
0 199 296
0 236 346
0 234 345
0 175 289
0 187 310
0 264 392
0 212 340
0 200 328
0 210 339
0 198 327
0 274 404
0 245 379
0 255 390
0 249 385
0 262 399
0 227 369
0 163 306
0 269 413
0 273 421
0 251 400
0 151 304
0 164 322
0 176 334
0 162 321
0 174 333
0 139 299
0 188 352
0 186 351
0 252 420
0 243 412
0 281 452
0 288 461
0 220 394
0 285 460
0 268 445
0 204 383
0 115 295
0 195 377
0 257 440
0 127 311
0 103 291
0 237 427
0 233 423
0 140 331
0 256 449
0 138 332
0 261 456
0 286 482
0 244 441
0 189 389
0 185 388
0 202 406
0 152 356
0 191 395
0 150 355
0 276 485
0 116 326
0 114 325
0 267 479
0 91 303
0 155 367
0 128 350
0 231 454
0 79 302
0 126 349
0 240 464
0 178 402
0 92 318
0 179 405
0 275 502
0 90 317
0 238 472
0 104 338
0 102 337
0 148 386
0 173 411
0 171 410
0 180 419
0 67 308
0 177 418
0 239 481
0 209 451
0 55 297
0 216 459
0 207 450
0 213 458
0 125 375
0 197 447
0 43 294
0 129 381
0 184 436
0 278 535
0 250 507
0 56 314
0 54 313
0 214 474
0 277 543
0 242 508
0 228 494
0 168 435
0 68 336
0 215 484
0 66 335
0 241 511
0 96 366
0 172 443
0 219 491
0 131 403
0 108 382
0 159 433
0 225 501
0 117 393
0 99 376
0 169 446
0 221 499
0 80 358
0 31 309
0 113 391
0 119 397
0 192 470
0 78 357
0 226 506
0 263 544
0 87 371
0 132 417
0 82 368
0 123 409
0 183 469
0 137 425
0 141 429
0 190 478
0 144 434
0 14 305
0 161 453
0 165 457
0 72 365
0 106 401
0 218 514
0 135 432
0 63 362
0 203 503
0 254 558
0 44 348
0 182 486
0 266 571
0 217 522
0 42 347
0 167 476
0 77 387
0 32 342
0 30 341
0 166 477
0 265 578
0 101 414
0 105 422
0 124 444
0 53 378
0 230 556
0 112 438
0 57 384
0 206 534
0 280 612
0 143 475
0 205 542
0 156 493
0 16 354
0 229 569
0 12 353
0 21 363
0 100 442
0 147 490
0 153 497
0 29 374
0 253 599
0 33 380
0 120 467
0 149 496
0 47 396
0 46 398
0 111 463
0 18 373
0 60 416
0 5 361
0 51 408
0 11 372
0 69 431
0 118 480
0 154 517
0 65 430
0 232 600
0 93 468
0 89 465
0 110 487
0 146 524
0 94 473
0 36 415
0 130 509
0 27 407
0 201 582
0 145 527
0 95 483
0 158 550
0 208 602
0 40 437
0 41 439
0 194 594
0 70 471
0 23 426
0 170 573
0 157 563
0 48 455
0 142 549
0 39 448
0 81 492
0 17 428
0 76 489
0 10 424
0 84 500
0 45 466
0 75 498
0 196 619
0 37 462
0 193 620
0 134 562
0 181 609
0 83 513
0 74 515
0 160 605
0 58 504
0 73 521
0 86 537
0 122 574
0 85 547
0 121 588
0 136 604
0 133 603
0 24 495
0 107 580
0 71 546
0 34 510
0 6 488
0 22 505
0 98 593
0 15 512
0 109 606
0 62 560
0 20 523
0 13 520
0 88 601
0 38 551
0 59 585
0 9 536
0 4 533
0 35 572
0 19 557
0 50 598
0 61 610
0 97 647
0 64 617
0 26 584
0 3 570
0 52 622
0 49 637
0 28 627
0 2 608
0 7 615
0 25 636
0 8 623
0 1 inf
1 6496 6497
1 6492 6493
1 6488 6489
1 6484 6485
1 6480 6481
1 6476 6477
1 6472 6473
1 6468 6469
1 6464 6465
1 6458 6459
1 6452 6453
1 6446 6447
1 6440 6441
1 6436 6437
1 6432 6433
1 6426 6427
1 6422 6423
1 6418 6419
1 6414 6415
1 6408 6409
1 6404 6405
1 6396 6397
1 6392 6393
1 6388 6389
1 6384 6385
1 6380 6381
1 6376 6377
1 6368 6369
1 6364 6365
1 6360 6361
1 6356 6357
1 6352 6353
1 6342 6343
1 6336 6337
1 6328 6329
1 6324 6325
1 6316 6317
1 6312 6313
1 6308 6309
1 6304 6305
1 6300 6301
1 6296 6297
1 6290 6291
1 6286 6287
1 6282 6283
1 6278 6279
1 6272 6273
1 6266 6267
1 6260 6261
1 6254 6255
1 6248 6249
1 6244 6245
1 6240 6241
1 6234 6235
1 6230 6231
1 6226 6227
1 6222 6223
1 6212 6213
1 6208 6209
1 6200 6201
1 6196 6197
1 6192 6193
1 6188 6189
1 6184 6185
1 6178 6179
1 6172 6173
1 6166 6167
1 6162 6163
1 6158 6159
1 6154 6155
1 6150 6151
1 6146 6147
1 6142 6143
1 6138 6139
1 6128 6129
1 6122 6123
1 6114 6115
1 6110 6111
1 6102 6103
1 6096 6097
1 6092 6093
1 6088 6089
1 6084 6085
1 6080 6081
1 6074 6075
1 6070 6071
1 6066 6067
1 6060 6061
1 6050 6051
1 6046 6047
1 6042 6043
1 6038 6039
1 6034 6035
1 6028 6029
1 6024 6025
1 6020 6021
1 6016 6017
1 6012 6013
1 6008 6009
1 6004 6005
1 6000 6001
1 5996 5997
1 5992 5993
1 5988 5989
1 5984 5985
1 5980 5981
1 5976 5977
1 5972 5973
1 5968 5969
1 5964 5965
1 5960 5961
1 5952 5953
1 5948 5949
1 5944 5945
1 5940 5941
1 5936 5937
1 5932 5933
1 5924 5925
1 5920 5921
1 5916 5917
1 5912 5913
1 5896 5897
1 5892 5893
1 5876 5877
1 5872 5873
1 5868 5869
1 5864 5865
1 5856 5857
1 5852 5853
1 5848 5849
1 5844 5845
1 5840 5841
1 5836 5837
1 5832 5833
1 5828 5829
1 5820 5821
1 5816 5817
1 5812 5813
1 5808 5809
1 5804 5805
1 5800 5801
1 5792 5793
1 5788 5789
1 5780 5781
1 5776 5777
1 5772 5773
1 5768 5769
1 5760 5761
1 5756 5757
1 5750 5751
1 5744 5745
1 5724 5725
1 5720 5721
1 5712 5713
1 5708 5709
1 5704 5705
1 5700 5701
1 5696 5697
1 5692 5693
1 5688 5689
1 5684 5685
1 5680 5681
1 5676 5677
1 5672 5673
1 5668 5669
1 5664 5665
1 5660 5661
1 5656 5657
1 5652 5653
1 5648 5649
1 5644 5645
1 5640 5641
1 5636 5637
1 5632 5633
1 5628 5629
1 5624 5625
1 5620 5621
1 5616 5617
1 5612 5613
1 5608 5609
1 5604 5605
1 5600 5601
1 5596 5597
1 5592 5593
1 5588 5589
1 5584 5585
1 5580 5581
1 5576 5577
1 5572 5573
1 5560 5561
1 5556 5557
1 5552 5553
1 5548 5549
1 5536 5537
1 5532 5533
1 5528 5529
1 5524 5525
1 5520 5521
1 5516 5517
1 5512 5513
1 5508 5509
1 5504 5505
1 5500 5501
1 5492 5493
1 5488 5489
1 5484 5485
1 5480 5481
1 5476 5477
1 5472 5473
1 5468 5469
1 5464 5465
1 5460 5461
1 5454 5455
1 5448 5449
1 5442 5443
1 5438 5439
1 5432 5433
1 5426 5427
1 5420 5421
1 5412 5413
1 5408 5409
1 5404 5405
1 5400 5401
1 5396 5397
1 5386 5387
1 5380 5381
1 5376 5377
1 5372 5373
1 5368 5369
1 5364 5365
1 5360 5361
1 5356 5357
1 5352 5353
1 5348 5349
1 5344 5345
1 5340 5341
1 5336 5337
1 5332 5333
1 5324 5325
1 5320 5321
1 5316 5317
1 5312 5313
1 5308 5309
1 5304 5305
1 5300 5301
1 5296 5297
1 5292 5293
1 5288 5289
1 5284 5285
1 5280 5281
1 5276 5277
1 5272 5273
1 5268 5269
1 5264 5265
1 5260 5261
1 5256 5257
1 5252 5253
1 5248 5249
1 5244 5245
1 5240 5241
1 5236 5237
1 5232 5233
1 5228 5229
1 5224 5225
1 5216 5217
1 5212 5213
1 5208 5209
1 5204 5205
1 5200 5201
1 5196 5197
1 5172 5173
1 5168 5169
1 5164 5165
1 5160 5161
1 5156 5157
1 5152 5153
1 5148 5149
1 5144 5145
1 5140 5141
1 5136 5137
1 5132 5133
1 5128 5129
1 5088 5089
1 5084 5085
1 5080 5081
1 5076 5077
1 5072 5073
1 5068 5069
1 5064 5065
1 5060 5061
1 5056 5057
1 5052 5053
1 5048 5049
1 5044 5045
1 5040 5041
1 5036 5037
1 5024 5025
1 5020 5021
1 5016 5017
1 5012 5013
1 5008 5009
1 5004 5005
1 5000 5001
1 4996 4997
1 4992 4993
1 4988 4989
1 4985 4986
1 4983 4984
1 4981 4982
1 4979 4980
1 4977 4978
1 4975 4976
1 4973 4974
1 4971 4972
1 4969 4970
1 4967 4968
1 4965 4966
1 4963 4964
1 4961 4962
1 4959 4960
1 4957 4958
1 4955 4956
1 4953 4954
1 4951 4952
1 4949 4950
1 4947 4948
1 4945 4946
1 4941 4942
1 4937 4938
1 4933 4934
1 4929 4930
1 4925 4926
1 4921 4922
1 4917 4918
1 4913 4914
1 4909 4910
1 4905 4906
1 4901 4902
1 4897 4898
1 4893 4894
1 4889 4890
1 4885 4886
1 4881 4882
1 4877 4878
1 4873 4874
1 4869 4870
1 4865 4866
1 4861 4862
1 4857 4858
1 4853 4854
1 4832 4833
1 4809 4810
1 4796 4797
1 4780 4781
1 4757 4758
1 4729 4730
1 4724 4725
1 4720 4721
1 4714 4715
1 4706 4707
1 4700 4701
1 4692 4693
1 4674 4675
1 4669 4670
1 4661 4662
1 4634 4635
1 4630 4631
1 4593 4594
1 4587 4588
1 4579 4580
1 4573 4574
1 4545 4546
1 4537 4538
1 4519 4520
1 4515 4516
1 4505 4506
1 4487 4488
1 4483 4484
1 4475 4476
1 4467 4468
1 4453 4454
1 4437 4438
1 4421 4422
1 4415 4416
1 4409 4410
1 4397 4398
1 4391 4392
1 4385 4386
1 4379 4380
1 4375 4376
1 4367 4368
1 4363 4364
1 4357 4358
1 4353 4354
1 4345 4346
1 4341 4342
1 4335 4336
1 4331 4332
1 4327 4328
1 4317 4318
1 4313 4314
1 4299 4300
1 4283 4284
1 4271 4272
1 4267 4268
1 4257 4258
1 4251 4252
1 4245 4246
1 4241 4242
1 4235 4236
1 4213 4214
1 4201 4202
1 4197 4198
1 4189 4190
1 4175 4176
1 4155 4156
1 4149 4150
1 4143 4144
1 4131 4132
1 4125 4126
1 4119 4120
1 4109 4110
1 4093 4094
1 4085 4086
1 4067 4068
1 4063 4064
1 4059 4060
1 4053 4054
1 4049 4050
1 4043 4044
1 4037 4038
1 4033 4034
1 4027 4028
1 4023 4024
1 4017 4018
1 4013 4014
1 4009 4010
1 4003 4004
1 3999 4000
1 3989 3990
1 3981 3982
1 3977 3978
1 3961 3962
1 3955 3956
1 3951 3952
1 3945 3946
1 3935 3936
1 3927 3928
1 3923 3924
1 3915 3916
1 3911 3912
1 3907 3908
1 3901 3902
1 3895 3896
1 3891 3892
1 3879 3880
1 3857 3858
1 3851 3852
1 3845 3846
1 3839 3840
1 3835 3836
1 3819 3820
1 3809 3810
1 3795 3796
1 3781 3782
1 3773 3774
1 3769 3770
1 3765 3766
1 3759 3760
1 3755 3756
1 3743 3744
1 3733 3734
1 3727 3728
1 3723 3724
1 3715 3716
1 3705 3706
1 3693 3694
1 3689 3690
1 3675 3676
1 3669 3670
1 3663 3664
1 3649 3650
1 3641 3642
1 3633 3634
1 3627 3628
1 3619 3620
1 3589 3590
1 3585 3586
1 3581 3582
1 3577 3578
1 3567 3568
1 3563 3564
1 3557 3558
1 3551 3552
1 3545 3546
1 3539 3540
1 3535 3536
1 3531 3532
1 3525 3526
1 3517 3518
1 3509 3510
1 3505 3506
1 3501 3502
1 3497 3498
1 3471 3472
1 3467 3468
1 3463 3464
1 3459 3460
1 3453 3454
1 3447 3448
1 3443 3444
1 3435 3436
1 3429 3430
1 3425 3426
1 3415 3416
1 3411 3412
1 3407 3408
1 3395 3396
1 3389 3390
1 3381 3382
1 3377 3378
1 3365 3366
1 3361 3362
1 3353 3354
1 3347 3348
1 3343 3344
1 3339 3340
1 3329 3330
1 3323 3324
1 3271 3272
1 3265 3266
1 3247 3248
1 3227 3228
1 3205 3206
1 3201 3202
1 3197 3198
1 3193 3194
1 3189 3190
1 3185 3186
1 3181 3182
1 3167 3168
1 3163 3164
1 3145 3146
1 3141 3142
1 3137 3138
1 3133 3134
1 3129 3130
1 3097 3098
1 3093 3094
1 3089 3090
1 3083 3084
1 3079 3080
1 3059 3060
1 3055 3056
1 3049 3050
1 3045 3046
1 3041 3042
1 3037 3038
1 3033 3034
1 3029 3030
1 3025 3026
1 3021 3022
1 3017 3018
1 3013 3014
1 3009 3010
1 3005 3006
1 3001 3002
1 2997 2998
1 2993 2994
1 2989 2990
1 2985 2986
1 2981 2982
1 2977 2978
1 2973 2974
1 2969 2970
1 2965 2966
1 2961 2962
1 2957 2958
1 2953 2954
1 2949 2950
1 2945 2946
1 2941 2942
1 2937 2938
1 2933 2934
1 2929 2930
1 2925 2926
1 2921 2922
1 2915 2916
1 2913 2914
1 2909 2910
1 2905 2906
1 2901 2902
1 2897 2898
1 2893 2894
1 2889 2890
1 2885 2886
1 2881 2882
1 2877 2878
1 2873 2874
1 2869 2870
1 2865 2866
1 2861 2862
1 2857 2858
1 2853 2854
1 2849 2850
1 2845 2846
1 2841 2842
1 2837 2838
1 2833 2834
1 2829 2830
1 2825 2826
1 2821 2822
1 2817 2818
1 2813 2814
1 2809 2810
1 2805 2806
1 2801 2802
1 2797 2798
1 2793 2794
1 2789 2790
1 2785 2786
1 2781 2782
1 2777 2778
1 2773 2774
1 2769 2770
1 2765 2766
1 2752 2753
1 2750 2751
1 2748 2749
1 2740 2741
1 2738 2739
1 2736 2737
1 2734 2735
1 2732 2733
1 2730 2731
1 2728 2729
1 2726 2727
1 2724 2725
1 2722 2723
1 2720 2721
1 2718 2719
1 2716 2717
1 2714 2715
1 2705 2706
1 2703 2704
1 2701 2702
1 2699 2700
1 2697 2698
1 2695 2696
1 2693 2694
1 2691 2692
1 2689 2690
1 2687 2688
1 2685 2686
1 2683 2684
1 2681 2682
1 2679 2680
1 2677 2678
1 2675 2676
1 2673 2674
1 2671 2672
1 2669 2670
1 2667 2668
1 2665 2666
1 2663 2664
1 2661 2662
1 2659 2660
1 2657 2658
1 2655 2656
1 2653 2654
1 2651 2652
1 2649 2650
1 2647 2648
1 2645 2646
1 2643 2644
1 2641 2642
1 2639 2640
1 2637 2638
1 2635 2636
1 2633 2634
1 2631 2632
1 2629 2630
1 2627 2628
1 2625 2626
1 2623 2624
1 2621 2622
1 2619 2620
1 2617 2618
1 2615 2616
1 2613 2614
1 2611 2612
1 2609 2610
1 2607 2608
1 2605 2606
1 2603 2604
1 2601 2602
1 2599 2600
1 2597 2598
1 2595 2596
1 2593 2594
1 2591 2592
1 2589 2590
1 2587 2588
1 2585 2586
1 2583 2584
1 2581 2582
1 2579 2580
1 2577 2578
1 2575 2576
1 2573 2574
1 2571 2572
1 2569 2570
1 2567 2568
1 2565 2566
1 2563 2564
1 2561 2562
1 2559 2560
1 2557 2558
1 2555 2556
1 2553 2554
1 2551 2552
1 2549 2550
1 2547 2548
1 2545 2546
1 2543 2544
1 2541 2542
1 2539 2540
1 2537 2538
1 2535 2536
1 2533 2534
1 2531 2532
1 2529 2530
1 2527 2528
1 2525 2526
1 2523 2524
1 2521 2522
1 2519 2520
1 2517 2518
1 2515 2516
1 2513 2514
1 2511 2512
1 2509 2510
1 1385 1386
1 1381 1382
1 1377 1378
1 1373 1374
1 1369 1370
1 1365 1366
1 1361 1362
1 1357 1358
1 1353 1354
1 1349 1350
1 1345 1346
1 1341 1342
1 1337 1338
1 1333 1334
1 1281 1282
1 1277 1278
1 1273 1274
1 1270 1271
1 1265 1266
1 1263 1264
1 1261 1262
1 1256 1257
1 1254 1255
1 1252 1253
1 1244 1245
1 1241 1242
1 1239 1240
1 1233 1234
1 1225 1226
1 1222 1223
1 1220 1221
1 1218 1219
1 1216 1217
1 1214 1215
1 1212 1213
1 1210 1211
1 1208 1209
1 1204 1205
1 1200 1201
1 1191 1192
1 1189 1190
1 1187 1188
1 1185 1186
1 1182 1183
1 1179 1180
1 1177 1178
1 1174 1175
1 1172 1173
1 1170 1171
1 1165 1166
1 1163 1164
1 1158 1159
1 1156 1157
1 1154 1155
1 1152 1153
1 1148 1149
1 1146 1147
1 1144 1145
1 1142 1143
1 1139 1140
1 1137 1138
1 1135 1136
1 1133 1134
1 1131 1132
1 1129 1130
1 1125 1126
1 1121 1122
1 1117 1118
1 1113 1114
1 1109 1110
1 1105 1106
1 1101 1102
1 1097 1098
1 1093 1094
1 1089 1090
1 1085 1086
1 1081 1082
1 1077 1078
1 1073 1074
1 1069 1070
1 1065 1066
1 1061 1062
1 1057 1058
1 1053 1054
1 1049 1050
1 1041 1042
1 1039 1040
1 1037 1038
1 1035 1036
1 1033 1034
1 1031 1032
1 1017 1018
1 1015 1016
1 1007 1008
1 1005 1006
1 1003 1004
1 1001 1002
1 999 1000
1 997 998
1 995 996
1 993 994
1 991 992
1 989 990
1 987 988
1 985 986
1 981 982
1 979 980
1 977 978
1 975 976
1 971 972
1 969 970
1 967 968
1 965 966
1 959 960
1 957 958
1 955 956
1 953 954
1 947 948
1 945 946
1 943 944
1 941 942
1 929 930
1 927 928
1 925 926
1 923 924
1 921 922
1 919 920
1 917 918
1 915 916
1 911 912
1 909 910
1 907 908
1 905 906
1 901 902
1 897 898
1 893 894
1 889 890
1 697 698
1 699 700
1 701 702
1 703 704
1 705 706
1 707 708
1 711 712
1 713 714
1 715 716
1 717 718
1 720 721
1 722 723
1 725 726
1 728 729
1 730 731
1 733 734
1 745 746
1 747 748
1 749 750
1 751 752
1 753 754
1 755 756
1 757 758
1 759 760
1 761 762
1 763 764
1 766 767
1 769 770
1 771 772
1 775 776
1 787 788
1 789 790
1 791 792
1 793 794
1 795 796
1 797 798
1 804 805
1 806 807
1 808 809
1 811 812
1 813 814
1 815 816
1 817 818
1 819 820
1 829 830
1 831 832
1 833 834
1 836 837
1 1437 1438
1 1441 1442
1 1445 1446
1 1447 1448
1 1449 1450
1 1452 1453
1 1454 1455
1 1458 1459
1 1460 1461
1 1462 1463
1 1464 1465
1 1466 1467
1 1468 1469
1 1470 1471
1 1472 1473
1 1474 1475
1 1476 1477
1 1478 1479
1 1480 1481
1 1489 1490
1 1491 1492
1 1494 1495
1 1499 1500
1 1502 1503
1 1504 1505
1 1506 1507
1 1508 1509
1 1510 1511
1 1512 1513
1 1514 1515
1 1517 1518
1 1526 1527
1 1528 1529
1 1530 1531
1 1533 1534
1 1535 1536
1 1540 1541
1 1545 1546
1 1547 1548
1 1555 1556
1 1559 1560
1 1561 1562
1 1563 1564
1 1565 1566
1 1570 1571
1 1572 1573
1 1574 1575
1 1576 1577
1 1580 1581
1 1585 1586
1 1589 1590
1 1593 1594
1 1597 1598
1 1601 1602
1 1605 1606
1 1609 1610
1 1613 1614
1 1617 1618
1 1645 1646
1 1649 1650
1 1653 1654
1 1657 1658
1 1661 1662
1 1665 1666
1 1669 1670
1 1673 1674
1 1677 1678
1 1681 1682
1 1685 1686
1 1689 1690
1 1693 1694
1 1696 1697
1 1699 1700
1 1701 1702
1 1705 1706
1 1707 1708
1 1709 1710
1 1711 1712
1 1713 1714
1 1715 1716
1 1717 1718
1 1719 1720
1 1721 1722
1 1723 1724
1 1725 1726
1 1729 1730
1 1735 1736
1 1737 1738
1 1739 1740
1 1741 1742
1 1744 1745
1 1746 1747
1 1748 1749
1 1750 1751
1 1752 1753
1 1758 1759
1 1762 1763
1 1764 1765
1 1766 1767
1 1768 1769
1 1770 1771
1 1776 1777
1 1778 1779
1 1780 1781
1 1782 1783
1 1784 1785
1 1786 1787
1 1802 1803
1 1806 1807
1 1808 1809
1 1810 1811
1 1812 1813
1 1814 1815
1 1816 1817
1 1825 1826
1 1827 1828
1 1831 1832
1 1833 1834
1 1837 1838
1 1841 1842
1 1845 1846
1 1849 1850
1 1853 1854
1 1857 1858
1 1861 1862
1 1865 1866
1 1869 1870
1 1873 1874
1 1877 1878
1 1881 1882
1 1885 1886
1 1889 1890
1 1891 1892
1 1895 1896
1 1897 1898
1 1901 1902
1 1904 1905
1 1906 1907
1 1908 1909
1 1910 1911
1 1912 1913
1 1914 1915
1 1917 1918
1 1920 1921
1 1928 1929
1 1930 1931
1 1932 1933
1 1934 1935
1 1936 1937
1 1943 1944
1 1945 1946
1 1949 1950
1 1951 1952
1 1955 1956
1 1957 1958
1 1959 1960
1 1961 1962
1 1963 1964
1 1965 1966
1 1967 1968
1 1969 1970
1 1971 1972
1 1973 1974
1 1977 1978
1 1979 1980
1 1991 1992
1 1993 1994
1 1997 1998
1 1999 2000
1 2001 2002
1 2003 2004
1 2009 2010
1 2011 2012
1 2013 2014
1 2015 2016
1 2021 2022
1 2023 2024
1 2025 2026
1 2027 2028
1 2033 2034
1 2037 2038
1 2041 2042
1 2045 2046
1 2049 2050
1 2053 2054
1 2057 2058
1 2061 2062
1 2065 2066
1 2069 2070
1 2073 2074
1 2077 2078
1 2081 2082
1 2085 2086
1 2089 2090
1 2093 2094
1 2097 2098
1 2101 2102
1 2105 2106
1 2109 2110
1 2113 2114
1 2117 2118
1 2121 2122
1 2125 2126
1 2129 2130
1 2133 2134
1 2137 2138
1 2141 2142
1 2145 2146
1 2149 2150
1 2153 2154
1 2157 2158
1 2161 2162
1 2165 2166
1 2169 2170
1 2173 2174
1 2177 2178
1 2181 2182
1 2185 2186
1 2189 2190
1 2193 2194
1 2197 2198
1 2201 2202
1 2205 2206
1 2209 2210
1 2213 2214
1 2217 2218
1 2221 2222
1 2225 2226
1 2229 2230
1 2233 2234
1 2237 2238
1 2241 2242
1 2245 2246
1 2249 2250
1 2253 2254
1 2257 2258
1 2261 2262
1 2265 2266
1 2269 2270
1 2273 2274
1 2277 2278
1 2281 2282
1 2285 2286
1 2289 2290
1 2293 2294
1 2297 2298
1 2301 2302
1 2305 2306
1 2309 2310
1 2311 2312
1 2313 2314
1 2315 2316
1 2317 2318
1 2319 2320
1 2321 2322
1 2323 2324
1 2325 2326
1 2327 2328
1 2329 2330
1 2331 2332
1 2333 2334
1 2335 2336
1 2337 2338
1 2339 2340
1 2341 2342
1 2343 2344
1 2345 2346
1 2347 2348
1 2349 2350
1 2351 2352
1 2353 2354
1 2355 2356
1 2357 2358
1 2359 2360
1 2361 2362
1 2363 2364
1 2365 2366
1 2367 2368
1 2369 2370
1 2371 2372
1 2373 2374
1 2375 2376
1 2377 2378
1 2379 2380
1 2381 2382
1 2383 2384
1 2385 2386
1 2387 2388
1 2389 2390
1 2391 2392
1 2393 2394
1 2395 2396
1 2397 2398
1 2399 2400
1 2401 2402
1 2403 2404
1 2405 2406
1 2407 2408
1 2409 2410
1 2411 2412
1 2413 2414
1 2415 2416
1 2417 2418
1 2419 2420
1 2421 2422
1 2423 2424
1 2425 2426
1 2427 2428
1 2429 2430
1 2431 2432
1 2433 2434
1 2435 2436
1 2437 2438
1 2439 2440
1 2441 2442
1 2443 2444
1 2445 2446
1 2447 2448
1 2449 2450
1 2451 2452
1 2453 2454
1 2455 2456
1 2457 2458
1 2459 2460
1 2461 2462
1 2463 2464
1 2465 2466
1 2467 2468
1 2469 2470
1 2471 2472
1 2473 2474
1 2475 2476
1 2477 2478
1 2479 2480
1 2481 2482
1 2483 2484
1 2485 2486
1 2487 2488
1 2489 2490
1 2491 2492
1 2493 2494
1 2495 2496
1 2497 2498
1 2499 2500
1 2501 2502
1 2503 2504
1 2505 2506
1 2507 2508
1 635 719
1 638 732
1 591 710
1 577 709
1 629 765
1 630 768
1 632 774
1 592 735
1 633 778
1 579 724
1 590 736
1 576 727
1 1291 1457
1 1285 1451
1 1287 1456
1 1302 1482
1 1301 1483
1 597 779
1 1299 1485
1 596 782
1 1297 1484
1 586 773
1 1310 1498
1 1308 1497
1 1306 1496
1 595 785
1 583 777
1 1292 1487
1 589 784
1 1290 1488
1 1286 1486
1 581 781
1 541 744
1 540 743
1 539 742
1 538 741
1 1288 1493
1 575 780
1 1294 1501
1 532 740
1 531 739
1 530 738
1 529 737
1 1330 1539
1 1309 1523
1 1307 1522
1 1305 1521
1 1300 1516
1 1319 1537
1 1312 1532
1 565 786
1 1298 1520
1 1296 1519
1 1323 1549
1 1316 1542
1 1317 1544
1 1314 1543
1 1295 1524
1 552 783
1 1293 1525
1 1318 1551
1 1304 1538
1 567 801
1 1322 1557
1 1331 1567
1 566 802
1 1315 1553
1 1311 1550
1 691 931
1 692 932
1 1313 1554
1 1325 1568
1 554 799
1 1332 1579
1 553 800
1 1321 1569
1 1303 1552
1 561 810
1 1328 1578
1 685 937
1 686 939
1 684 938
1 548 803
1 683 940
1 1326 1584
1 1324 1582
1 1329 1588
1 1327 1587
1 568 828
1 652 914
1 651 913
1 1320 1583
1 1634 1899
1 559 826
1 1289 1558
1 555 824
1 664 934
1 663 933
1 1623 1893
1 689 963
1 690 964
1 545 822
1 1624 1903
1 654 936
1 653 935
1 878 1162
1 874 1161
1 1627 1916
1 660 950
1 659 949
1 656 951
1 1628 1923
1 1629 1924
1 677 973
1 678 974
1 1626 1922
1 655 952
1 528 825
1 842 1141
1 869 1168
1 850 1150
1 1394 1695
1 526 827
1 518 821
1 866 1169
1 519 823
1 1391 1698
1 852 1160
1 841 1151
1 1393 1704
1 1392 1703
1 650 962
1 649 961
1 525 839
1 1639 1953
1 1622 1938
1 1625 1941
1 849 1167
1 516 835
1 877 1197
1 662 983
1 854 1176
1 873 1196
1 661 984
1 1621 1947
1 857 1184
1 870 1198
1 693 1021
1 694 1022
1 695 1023
1 696 1024
1 851 1181
1 1397 1727
1 1398 1728
1 1401 1731
1 1402 1732
1 1403 1733
1 1404 1734
1 865 1199
1 856 1193
1 671 1011
1 679 1019
1 680 1020
1 863 1203
1 1636 1976
1 672 1013
1 669 1012
1 859 1202
1 1632 1975
1 885 1229
1 670 1014
1 666 1010
1 665 1009
1 861 1206
1 848 1195
1 1425 1772
1 1426 1774
1 882 1231
1 845 1194
1 1635 1984
1 1423 1773
1 1633 1983
1 1637 1987
1 1638 1988
1 1424 1775
1 1644 1995
1 675 1028
1 1389 1743
1 673 1027
1 676 1030
1 853 1207
1 674 1029
1 880 1236
1 1405 1761
1 668 1026
1 667 1025
1 687 1045
1 688 1046
1 1399 1757
1 883 1243
1 1395 1755
1 1396 1756
1 1400 1760
1 871 1232
1 884 1246
1 681 1043
1 682 1044
1 1390 1754
1 1429 1794
1 1430 1795
1 1431 1796
1 1432 1797
1 1640 2005
1 1641 2007
1 881 1248
1 855 1224
1 1435 1804
1 1436 1805
1 1417 1788
1 1421 1792
1 1422 1793
1 879 1251
1 1415 1789
1 1416 1790
1 862 1237
1 858 1235
1 1414 1791
1 872 1250
1 860 1238
1 888 1268
1 887 1267
1 846 1227
1 847 1228
1 868 1249
1 876 1260
1 886 1272
1 844 1230
1 1631 2017
1 1642 2029
1 1643 2030
1 1630 2019
1 658 1048
1 657 1047
1 1408 1798
1 1409 1799
1 1410 1800
1 1411 1801
1 1427 1818
1 867 1259
1 1428 1820
1 875 1269
1 864 1258
1 1433 1835
1 1434 1836
1 843 1247
1 1418 1822
1 1419 1823
1 1420 1824
1 1412 1819
1 1413 1821
1 1406 1829
1 1407 1830
1 360 838
1 359 840
1 646 1900
1 631 1894
1 648 1925
1 645 1927
1 639 1926
1 618 1919
1 634 1942
1 628 1939
1 624 1940
1 625 1948
1 621 1954
1 644 1982
1 642 1981
1 641 1990
1 640 1996
1 626 1986
1 614 1985
1 643 2020
1 607 1989
1 613 2006
1 611 2008
1 616 2018
1 587 2031
1 564 2707
1 312 4987
2 6495 inf
2 6491 inf
2 6487 inf
2 6483 inf
2 6479 inf
2 6475 inf
2 6471 inf
2 6467 inf
2 6463 inf
2 6461 inf
2 6457 inf
2 6455 inf
2 6451 inf
2 6449 inf
2 6445 inf
2 6443 inf
2 6439 inf
2 6435 inf
2 6431 inf
2 6429 inf
2 6425 inf
2 6421 inf
2 6417 inf
2 6413 inf
2 6411 inf
2 6407 inf
2 6403 inf
2 6401 inf
2 6399 inf
2 6395 inf
2 6391 inf
2 6387 inf
2 6383 inf
2 6379 inf
2 6375 inf
2 6373 inf
2 6371 inf
2 6367 inf
2 6363 inf
2 6359 inf
2 6355 inf
2 6351 inf
2 6349 inf
2 6347 inf
2 6345 inf
2 6341 inf
2 6339 inf
2 6335 inf
2 6333 inf
2 6331 inf
2 6327 inf
2 6323 inf
2 6321 inf
2 6319 inf
2 6315 inf
2 6311 inf
2 6307 inf
2 6303 inf
2 6299 inf
2 6295 inf
2 6293 inf
2 6289 inf
2 6285 inf
2 6281 inf
2 6277 inf
2 6275 inf
2 6271 inf
2 6269 inf
2 6265 inf
2 6263 inf
2 6259 inf
2 6257 inf
2 6253 inf
2 6251 inf
2 6247 inf
2 6243 inf
2 6239 inf
2 6237 inf
2 6233 inf
2 6229 inf
2 6225 inf
2 6221 inf
2 6219 inf
2 6217 inf
2 6215 inf
2 6211 inf
2 6207 inf
2 6205 inf
2 6203 inf
2 6199 inf
2 6195 inf
2 6191 inf
2 6187 inf
2 6183 inf
2 6181 inf
2 6177 inf
2 6175 inf
2 6171 inf
2 6169 inf
2 6165 inf
2 6161 inf
2 6157 inf
2 6153 inf
2 6149 inf
2 6145 inf
2 6141 inf
2 6137 inf
2 6135 inf
2 6133 inf
2 6131 inf
2 6127 inf
2 6125 inf
2 6121 inf
2 6118 inf
2 6117 inf
2 6113 inf
2 6109 inf
2 6107 inf
2 6105 inf
2 6101 inf
2 6099 inf
2 6095 inf
2 6091 inf
2 6087 inf
2 6083 inf
2 6079 inf
2 6077 inf
2 6073 inf
2 6069 inf
2 6065 inf
2 6063 inf
2 6059 inf
2 6057 inf
2 6055 inf
2 6053 inf
2 6049 inf
2 6045 inf
2 6041 inf
2 6037 inf
2 6033 inf
2 6031 inf
2 6027 inf
2 6023 inf
2 6019 inf
2 6015 inf
2 6011 inf
2 6007 inf
2 6003 inf
2 5999 inf
2 5995 inf
2 5991 inf
2 5987 inf
2 5983 inf
2 5979 inf
2 5975 inf
2 5971 inf
2 5967 inf
2 5963 inf
2 5959 inf
2 5957 inf
2 5955 inf
2 5951 inf
2 5947 inf
2 5943 inf
2 5939 inf
2 5935 inf
2 5931 inf
2 5929 inf
2 5927 inf
2 5923 inf
2 5919 inf
2 5915 inf
2 5911 inf
2 5909 inf
2 5907 inf
2 5905 inf
2 5903 inf
2 5901 inf
2 5899 inf
2 5895 inf
2 5891 inf
2 5889 inf
2 5887 inf
2 5885 inf
2 5883 inf
2 5881 inf
2 5879 inf
2 5875 inf
2 5871 inf
2 5867 inf
2 5863 inf
2 5861 inf
2 5859 inf
2 5855 inf
2 5851 inf
2 5847 inf
2 5843 inf
2 5839 inf
2 5835 inf
2 5831 inf
2 5827 inf
2 5825 inf
2 5823 inf
2 5819 inf
2 5815 inf
2 5811 inf
2 5807 inf
2 5803 inf
2 5799 inf
2 5797 inf
2 5795 inf
2 5791 inf
2 5787 inf
2 5785 inf
2 5783 inf
2 5779 inf
2 5775 inf
2 5771 inf
2 5767 inf
2 5765 inf
2 5763 inf
2 5759 inf
2 5755 inf
2 5753 inf
2 5749 inf
2 5747 inf
2 5743 inf
2 5741 inf
2 5739 inf
2 5737 inf
2 5735 inf
2 5733 inf
2 5731 inf
2 5729 inf
2 5727 inf
2 5723 inf
2 5719 inf
2 5717 inf
2 5715 inf
2 5711 inf
2 5707 inf
2 5703 inf
2 5699 inf
2 5695 inf
2 5691 inf
2 5687 inf
2 5683 inf
2 5679 inf
2 5675 inf
2 5671 inf
2 5667 inf
2 5663 inf
2 5659 inf
2 5655 inf
2 5651 inf
2 5647 inf
2 5643 inf
2 5639 inf
2 5635 inf
2 5631 inf
2 5627 inf
2 5623 inf
2 5619 inf
2 5615 inf
2 5611 inf
2 5607 inf
2 5603 inf
2 5599 inf
2 5595 inf
2 5591 inf
2 5587 inf
2 5583 inf
2 5579 inf
2 5575 inf
2 5571 inf
2 5569 inf
2 5567 inf
2 5565 inf
2 5563 inf
2 5559 inf
2 5555 inf
2 5551 inf
2 5547 inf
2 5545 inf
2 5543 inf
2 5541 inf
2 5539 inf
2 5535 inf
2 5531 inf
2 5527 inf
2 5523 inf
2 5519 inf
2 5515 inf
2 5511 inf
2 5507 inf
2 5503 inf
2 5499 inf
2 5497 inf
2 5495 inf
2 5491 inf
2 5487 inf
2 5483 inf
2 5479 inf
2 5475 inf
2 5471 inf
2 5467 inf
2 5463 inf
2 5459 inf
2 5457 inf
2 5453 inf
2 5451 inf
2 5447 inf
2 5445 inf
2 5441 inf
2 5437 inf
2 5435 inf
2 5431 inf
2 5429 inf
2 5425 inf
2 5423 inf
2 5419 inf
2 5417 inf
2 5415 inf
2 5411 inf
2 5407 inf
2 5403 inf
2 5399 inf
2 5395 inf
2 5393 inf
2 5391 inf
2 5389 inf
2 5385 inf
2 5383 inf
2 5379 inf
2 5375 inf
2 5371 inf
2 5367 inf
2 5363 inf
2 5359 inf
2 5355 inf
2 5351 inf
2 5347 inf
2 5343 inf
2 5339 inf
2 5335 inf
2 5331 inf
2 5329 inf
2 5327 inf
2 5323 inf
2 5319 inf
2 5315 inf
2 5311 inf
2 5307 inf
2 5303 inf
2 5299 inf
2 5295 inf
2 5291 inf
2 5287 inf
2 5283 inf
2 5279 inf
2 5275 inf
2 5271 inf
2 5267 inf
2 5263 inf
2 5259 inf
2 5255 inf
2 5251 inf
2 5247 inf
2 5243 inf
2 5239 inf
2 5235 inf
2 5231 inf
2 5227 inf
2 5223 inf
2 5221 inf
2 5219 inf
2 5215 inf
2 5211 inf
2 5207 inf
2 5203 inf
2 5199 inf
2 5195 inf
2 5193 inf
2 5191 inf
2 5189 inf
2 5187 inf
2 5185 inf
2 5183 inf
2 5181 inf
2 5179 inf
2 5177 inf
2 5175 inf
2 5171 inf
2 5167 inf
2 5163 inf
2 5159 inf
2 5155 inf
2 5151 inf
2 5147 inf
2 5143 inf
2 5139 inf
2 5135 inf
2 5131 inf
2 5127 inf
2 5125 inf
2 5123 inf
2 5121 inf
2 5119 inf
2 5117 inf
2 5115 inf
2 5113 inf
2 5111 inf
2 5109 inf
2 5107 inf
2 5105 inf
2 5103 inf
2 5101 inf
2 5099 inf
2 5097 inf
2 5095 inf
2 5093 inf
2 5091 inf
2 5087 inf
2 5083 inf
2 5079 inf
2 5075 inf
2 5071 inf
2 5067 inf
2 5063 inf
2 5059 inf
2 5055 inf
2 5051 inf
2 5047 inf
2 5043 inf
2 5039 inf
2 5035 inf
2 5033 inf
2 5031 inf
2 5029 inf
2 5027 inf
2 5023 inf
2 5019 inf
2 5015 inf
2 5011 inf
2 5007 inf
2 5003 inf
2 4999 inf
2 4995 inf
2 4991 inf
2 4944 inf
2 4940 inf
2 4936 inf
2 4932 inf
2 4928 inf
2 4924 inf
2 4920 inf
2 4916 inf
2 4912 inf
2 4908 inf
2 4904 inf
2 4900 inf
2 4896 inf
2 4892 inf
2 4888 inf
2 4884 inf
2 4880 inf
2 4876 inf
2 4872 inf
2 4868 inf
2 4864 inf
2 4860 inf
2 4856 inf
2 4852 inf
2 4849 inf
2 4847 inf
2 4844 inf
2 4842 inf
2 4839 inf
2 4837 inf
2 4831 inf
2 4828 inf
2 4826 inf
2 4823 inf
2 4821 inf
2 4819 inf
2 4817 inf
2 4815 inf
2 4813 inf
2 4808 inf
2 4803 inf
2 4801 inf
2 4799 inf
2 4795 inf
2 4793 inf
2 4791 inf
2 4789 inf
2 4787 inf
2 4785 inf
2 4783 inf
2 4779 inf
2 4776 inf
2 4774 inf
2 4769 inf
2 4767 inf
2 4763 inf
2 4761 inf
2 4756 inf
2 4754 inf
2 4752 inf
2 4750 inf
2 4748 inf
2 4746 inf
2 4744 inf
2 4742 inf
2 4740 inf
2 4738 inf
2 4736 inf
2 4734 inf
2 4732 inf
2 4728 inf
2 4723 inf
2 4719 inf
2 4717 inf
2 4713 inf
2 4711 inf
2 4708 inf
2 4705 inf
2 4703 inf
2 4699 inf
2 4697 inf
2 4695 inf
2 4691 inf
2 4688 inf
2 4686 inf
2 4684 inf
2 4681 inf
2 4679 inf
2 4677 inf
2 4673 inf
2 4668 inf
2 4666 inf
2 4664 inf
2 4660 inf
2 4658 inf
2 4656 inf
2 4654 inf
2 4652 inf
2 4649 inf
2 4647 inf
2 4645 inf
2 4643 inf
2 4641 inf
2 4639 inf
2 4637 inf
2 4633 inf
2 4629 inf
2 4627 inf
2 4625 inf
2 4623 inf
2 4621 inf
2 4619 inf
2 4617 inf
2 4614 inf
2 4613 inf
2 4611 inf
2 4609 inf
2 4607 inf
2 4604 inf
2 4602 inf
2 4600 inf
2 4598 inf
2 4596 inf
2 4592 inf
2 4590 inf
2 4586 inf
2 4584 inf
2 4582 inf
2 4578 inf
2 4576 inf
2 4572 inf
2 4570 inf
2 4568 inf
2 4566 inf
2 4564 inf
2 4562 inf
2 4560 inf
2 4558 inf
2 4556 inf
2 4554 inf
2 4552 inf
2 4550 inf
2 4548 inf
2 4544 inf
2 4542 inf
2 4540 inf
2 4536 inf
2 4534 inf
2 4532 inf
2 4530 inf
2 4528 inf
2 4526 inf
2 4524 inf
2 4522 inf
2 4518 inf
2 4514 inf
2 4512 inf
2 4510 inf
2 4508 inf
2 4504 inf
2 4502 inf
2 4500 inf
2 4498 inf
2 4496 inf
2 4494 inf
2 4492 inf
2 4490 inf
2 4486 inf
2 4482 inf
2 4480 inf
2 4478 inf
2 4474 inf
2 4472 inf
2 4470 inf
2 4466 inf
2 4464 inf
2 4462 inf
2 4460 inf
2 4458 inf
2 4456 inf
2 4452 inf
2 4450 inf
2 4448 inf
2 4446 inf
2 4444 inf
2 4442 inf
2 4440 inf
2 4436 inf
2 4434 inf
2 4432 inf
2 4430 inf
2 4428 inf
2 4426 inf
2 4424 inf
2 4420 inf
2 4418 inf
2 4414 inf
2 4411 inf
2 4408 inf
2 4406 inf
2 4404 inf
2 4402 inf
2 4400 inf
2 4396 inf
2 4394 inf
2 4390 inf
2 4388 inf
2 4384 inf
2 4382 inf
2 4378 inf
2 4374 inf
2 4372 inf
2 4370 inf
2 4366 inf
2 4362 inf
2 4360 inf
2 4356 inf
2 4352 inf
2 4350 inf
2 4348 inf
2 4344 inf
2 4340 inf
2 4338 inf
2 4334 inf
2 4330 inf
2 4326 inf
2 4324 inf
2 4322 inf
2 4320 inf
2 4316 inf
2 4312 inf
2 4310 inf
2 4308 inf
2 4306 inf
2 4304 inf
2 4302 inf
2 4298 inf
2 4296 inf
2 4294 inf
2 4292 inf
2 4290 inf
2 4288 inf
2 4286 inf
2 4282 inf
2 4280 inf
2 4278 inf
2 4276 inf
2 4274 inf
2 4270 inf
2 4266 inf
2 4264 inf
2 4262 inf
2 4260 inf
2 4256 inf
2 4254 inf
2 4250 inf
2 4248 inf
2 4244 inf
2 4240 inf
2 4238 inf
2 4234 inf
2 4232 inf
2 4230 inf
2 4228 inf
2 4226 inf
2 4224 inf
2 4222 inf
2 4220 inf
2 4218 inf
2 4216 inf
2 4212 inf
2 4210 inf
2 4208 inf
2 4206 inf
2 4204 inf
2 4200 inf
2 4196 inf
2 4194 inf
2 4192 inf
2 4188 inf
2 4186 inf
2 4184 inf
2 4182 inf
2 4180 inf
2 4178 inf
2 4174 inf
2 4172 inf
2 4170 inf
2 4168 inf
2 4166 inf
2 4164 inf
2 4162 inf
2 4160 inf
2 4158 inf
2 4154 inf
2 4152 inf
2 4148 inf
2 4146 inf
2 4142 inf
2 4140 inf
2 4138 inf
2 4136 inf
2 4134 inf
2 4130 inf
2 4128 inf
2 4124 inf
2 4122 inf
2 4118 inf
2 4116 inf
2 4114 inf
2 4112 inf
2 4108 inf
2 4106 inf
2 4104 inf
2 4102 inf
2 4100 inf
2 4098 inf
2 4096 inf
2 4092 inf
2 4090 inf
2 4088 inf
2 4084 inf
2 4082 inf
2 4080 inf
2 4078 inf
2 4076 inf
2 4074 inf
2 4072 inf
2 4070 inf
2 4066 inf
2 4062 inf
2 4058 inf
2 4056 inf
2 4052 inf
2 4048 inf
2 4046 inf
2 4042 inf
2 4040 inf
2 4036 inf
2 4032 inf
2 4030 inf
2 4026 inf
2 4022 inf
2 4020 inf
2 4016 inf
2 4012 inf
2 4008 inf
2 4006 inf
2 4002 inf
2 3998 inf
2 3996 inf
2 3994 inf
2 3992 inf
2 3988 inf
2 3986 inf
2 3984 inf
2 3980 inf
2 3976 inf
2 3974 inf
2 3972 inf
2 3970 inf
2 3968 inf
2 3966 inf
2 3964 inf
2 3960 inf
2 3958 inf
2 3954 inf
2 3950 inf
2 3948 inf
2 3944 inf
2 3942 inf
2 3940 inf
2 3938 inf
2 3934 inf
2 3932 inf
2 3930 inf
2 3926 inf
2 3922 inf
2 3920 inf
2 3918 inf
2 3914 inf
2 3910 inf
2 3906 inf
2 3904 inf
2 3900 inf
2 3898 inf
2 3894 inf
2 3890 inf
2 3888 inf
2 3886 inf
2 3884 inf
2 3882 inf
2 3878 inf
2 3876 inf
2 3874 inf
2 3872 inf
2 3870 inf
2 3868 inf
2 3866 inf
2 3864 inf
2 3862 inf
2 3860 inf
2 3856 inf
2 3854 inf
2 3850 inf
2 3848 inf
2 3844 inf
2 3842 inf
2 3838 inf
2 3834 inf
2 3832 inf
2 3830 inf
2 3828 inf
2 3826 inf
2 3824 inf
2 3822 inf
2 3818 inf
2 3816 inf
2 3814 inf
2 3812 inf
2 3808 inf
2 3806 inf
2 3804 inf
2 3802 inf
2 3800 inf
2 3798 inf
2 3794 inf
2 3792 inf
2 3790 inf
2 3788 inf
2 3786 inf
2 3784 inf
2 3780 inf
2 3778 inf
2 3776 inf
2 3772 inf
2 3768 inf
2 3764 inf
2 3762 inf
2 3758 inf
2 3754 inf
2 3752 inf
2 3750 inf
2 3748 inf
2 3746 inf
2 3742 inf
2 3740 inf
2 3738 inf
2 3736 inf
2 3732 inf
2 3730 inf
2 3726 inf
2 3722 inf
2 3720 inf
2 3718 inf
2 3714 inf
2 3712 inf
2 3710 inf
2 3708 inf
2 3704 inf
2 3702 inf
2 3700 inf
2 3698 inf
2 3696 inf
2 3692 inf
2 3688 inf
2 3686 inf
2 3684 inf
2 3682 inf
2 3680 inf
2 3678 inf
2 3674 inf
2 3672 inf
2 3668 inf
2 3666 inf
2 3662 inf
2 3660 inf
2 3658 inf
2 3656 inf
2 3654 inf
2 3652 inf
2 3648 inf
2 3646 inf
2 3644 inf
2 3640 inf
2 3638 inf
2 3636 inf
2 3632 inf
2 3630 inf
2 3626 inf
2 3624 inf
2 3622 inf
2 3618 inf
2 3616 inf
2 3614 inf
2 3612 inf
2 3610 inf
2 3608 inf
2 3606 inf
2 3604 inf
2 3602 inf
2 3600 inf
2 3598 inf
2 3596 inf
2 3594 inf
2 3592 inf
2 3588 inf
2 3584 inf
2 3580 inf
2 3576 inf
2 3574 inf
2 3572 inf
2 3570 inf
2 3566 inf
2 3562 inf
2 3560 inf
2 3556 inf
2 3554 inf
2 3550 inf
2 3548 inf
2 3544 inf
2 3542 inf
2 3538 inf
2 3534 inf
2 3530 inf
2 3528 inf
2 3524 inf
2 3522 inf
2 3520 inf
2 3516 inf
2 3514 inf
2 3512 inf
2 3508 inf
2 3504 inf
2 3500 inf
2 3496 inf
2 3494 inf
2 3492 inf
2 3490 inf
2 3488 inf
2 3486 inf
2 3484 inf
2 3482 inf
2 3480 inf
2 3478 inf
2 3476 inf
2 3474 inf
2 3470 inf
2 3466 inf
2 3462 inf
2 3458 inf
2 3456 inf
2 3452 inf
2 3450 inf
2 3446 inf
2 3442 inf
2 3440 inf
2 3438 inf
2 3434 inf
2 3432 inf
2 3428 inf
2 3424 inf
2 3422 inf
2 3420 inf
2 3418 inf
2 3414 inf
2 3410 inf
2 3406 inf
2 3404 inf
2 3402 inf
2 3400 inf
2 3398 inf
2 3394 inf
2 3392 inf
2 3388 inf
2 3386 inf
2 3384 inf
2 3380 inf
2 3376 inf
2 3374 inf
2 3372 inf
2 3370 inf
2 3368 inf
2 3364 inf
2 3360 inf
2 3358 inf
2 3356 inf
2 3352 inf
2 3350 inf
2 3346 inf
2 3342 inf
2 3338 inf
2 3336 inf
2 3334 inf
2 3332 inf
2 3328 inf
2 3326 inf
2 3322 inf
2 3320 inf
2 3318 inf
2 3316 inf
2 3314 inf
2 3312 inf
2 3310 inf
2 3308 inf
2 3306 inf
2 3304 inf
2 3302 inf
2 3300 inf
2 3298 inf
2 3296 inf
2 3294 inf
2 3292 inf
2 3290 inf
2 3288 inf
2 3286 inf
2 3284 inf
2 3282 inf
2 3280 inf
2 3278 inf
2 3276 inf
2 3274 inf
2 3270 inf
2 3268 inf
2 3264 inf
2 3262 inf
2 3260 inf
2 3258 inf
2 3256 inf
2 3254 inf
2 3252 inf
2 3250 inf
2 3246 inf
2 3244 inf
2 3242 inf
2 3240 inf
2 3238 inf
2 3236 inf
2 3234 inf
2 3232 inf
2 3230 inf
2 3226 inf
2 3224 inf
2 3222 inf
2 3220 inf
2 3218 inf
2 3216 inf
2 3214 inf
2 3212 inf
2 3210 inf
2 3208 inf
2 3204 inf
2 3200 inf
2 3196 inf
2 3192 inf
2 3188 inf
2 3184 inf
2 3180 inf
2 3178 inf
2 3176 inf
2 3174 inf
2 3172 inf
2 3170 inf
2 3166 inf
2 3162 inf
2 3160 inf
2 3158 inf
2 3156 inf
2 3154 inf
2 3152 inf
2 3150 inf
2 3148 inf
2 3144 inf
2 3140 inf
2 3136 inf
2 3132 inf
2 3128 inf
2 3126 inf
2 3124 inf
2 3122 inf
2 3120 inf
2 3118 inf
2 3116 inf
2 3114 inf
2 3112 inf
2 3110 inf
2 3108 inf
2 3106 inf
2 3104 inf
2 3102 inf
2 3100 inf
2 3096 inf
2 3092 inf
2 3088 inf
2 3086 inf
2 3082 inf
2 3078 inf
2 3076 inf
2 3074 inf
2 3072 inf
2 3070 inf
2 3068 inf
2 3066 inf
2 3064 inf
2 3062 inf
2 3058 inf
2 3054 inf
2 3052 inf
2 3048 inf
2 3044 inf
2 3040 inf
2 3036 inf
2 3032 inf
2 3028 inf
2 3024 inf
2 3020 inf
2 3016 inf
2 3012 inf
2 3008 inf
2 3004 inf
2 3000 inf
2 2996 inf
2 2992 inf
2 2988 inf
2 2984 inf
2 2980 inf
2 2976 inf
2 2972 inf
2 2968 inf
2 2964 inf
2 2960 inf
2 2956 inf
2 2952 inf
2 2948 inf
2 2944 inf
2 2940 inf
2 2936 inf
2 2932 inf
2 2928 inf
2 2924 inf
2 2920 inf
2 2918 inf
2 2912 inf
2 2908 inf
2 2904 inf
2 2900 inf
2 2896 inf
2 2892 inf
2 2888 inf
2 2884 inf
2 2880 inf
2 2876 inf
2 2872 inf
2 2868 inf
2 2864 inf
2 2860 inf
2 2856 inf
2 2852 inf
2 2848 inf
2 2844 inf
2 2840 inf
2 2836 inf
2 2832 inf
2 2828 inf
2 2824 inf
2 2820 inf
2 2816 inf
2 2812 inf
2 2808 inf
2 2804 inf
2 2800 inf
2 2796 inf
2 2792 inf
2 2788 inf
2 2784 inf
2 2780 inf
2 2776 inf
2 2772 inf
2 2768 inf
2 2764 inf
2 2763 inf
2 2762 inf
2 2761 inf
2 2760 inf
2 2759 inf
2 2758 inf
2 2757 inf
2 2756 inf
2 2755 inf
2 2754 inf
2 2747 inf
2 2746 inf
2 2745 inf
2 2744 inf
2 2743 inf
2 2742 inf
2 2713 inf
2 2712 inf
2 2711 inf
2 2710 inf
2 2709 inf
2 2708 inf
2 2308 inf
2 2304 inf
2 2300 inf
2 2296 inf
2 2292 inf
2 2288 inf
2 2284 inf
2 2280 inf
2 2276 inf
2 2272 inf
2 2268 inf
2 2264 inf
2 2260 inf
2 2256 inf
2 2252 inf
2 2248 inf
2 2244 inf
2 2240 inf
2 2236 inf
2 2232 inf
2 2228 inf
2 2224 inf
2 2220 inf
2 2216 inf
2 2212 inf
2 2208 inf
2 2204 inf
2 2200 inf
2 2196 inf
2 2192 inf
2 2188 inf
2 2184 inf
2 2180 inf
2 2176 inf
2 2172 inf
2 2168 inf
2 2164 inf
2 2160 inf
2 2156 inf
2 2152 inf
2 2148 inf
2 2144 inf
2 2140 inf
2 2136 inf
2 2132 inf
2 2128 inf
2 2124 inf
2 2120 inf
2 2116 inf
2 2112 inf
2 2108 inf
2 2104 inf
2 2100 inf
2 2096 inf
2 2092 inf
2 2088 inf
2 2084 inf
2 2080 inf
2 2076 inf
2 2072 inf
2 2068 inf
2 2064 inf
2 2060 inf
2 2056 inf
2 2052 inf
2 2048 inf
2 2044 inf
2 2040 inf
2 2036 inf
2 2032 inf
2 1888 inf
2 1884 inf
2 1880 inf
2 1876 inf
2 1872 inf
2 1868 inf
2 1864 inf
2 1860 inf
2 1856 inf
2 1852 inf
2 1848 inf
2 1844 inf
2 1840 inf
2 1692 inf
2 1688 inf
2 1684 inf
2 1680 inf
2 1676 inf
2 1672 inf
2 1668 inf
2 1664 inf
2 1660 inf
2 1656 inf
2 1652 inf
2 1648 inf
2 1620 inf
2 1616 inf
2 1612 inf
2 1608 inf
2 1604 inf
2 1600 inf
2 1596 inf
2 1592 inf
2 1444 inf
2 1440 inf
2 1388 inf
2 1384 inf
2 1380 inf
2 1376 inf
2 1372 inf
2 1368 inf
2 1364 inf
2 1360 inf
2 1356 inf
2 1352 inf
2 1348 inf
2 1344 inf
2 1340 inf
2 1336 inf
2 1284 inf
2 1280 inf
2 1276 inf
2 1128 inf
2 1124 inf
2 1120 inf
2 1116 inf
2 1112 inf
2 1108 inf
2 1104 inf
2 1100 inf
2 1096 inf
2 1092 inf
2 1088 inf
2 1084 inf
2 1080 inf
2 1076 inf
2 1072 inf
2 1068 inf
2 1064 inf
2 1060 inf
2 1056 inf
2 1052 inf
2 904 inf
2 900 inf
2 896 inf
2 892 inf
